0.8911591920149118 0.9827688505313945
0.6771883391756872 0.5270750587790984
1.553318262740155 1.4459967147760753
1.676537063062778 0.6365253686854531
1.1917517763495036 0.24175295255715934
0.46538999692465977 0.8376922906747053
0.6020811524078387 1.7101113839160447
1.0059726660686137 1.3443433242324896
0.518390682994885 0.41989419692261154
0.847084739136134 1.6567758670391937
3.8944662824981293 0.9410516289824209
2.6815265276551328 1.689140093474176
3.0633737697246555 0.515129983716619
3.6589080051674507 0.7869217136521462
3.308897953130419 0.4176464016233381
3.917609567778574 0.35554440667510145
3.287054511542828 0.6441912367725533
3.1269949358758478 0.8374842061221182
3.8920019548204037 0.5759210761061495
2.9082307498047126 1.4574556258094649
5.4055635198889265 1.043377078485159
5.169225264609113 1.4545762264809392
4.5635908341639055 1.4749012413810545
5.7108124181733295 1.1764059034034802
5.415773241570691 0.15874716919750842
4.890736692001852 1.1303169565451494
5.456055330525926 1.3499830726768338
5.1780874275752335 1.513975055090742
4.187462342376826 1.222648389021289
5.795637977679485 1.0742477298100928
6.365946678103105 0.7941826326401971
7.197330933679073 0.8199610821230277
7.139609217746791 0.8229314679378388
6.021081818713495 0.21213950273572202
6.825004434960881 1.9988846108986502
7.412783992032567 1.3992686127350356
7.814554843388255 0.582854800317048
6.469964969359167 0.7150863271806391
6.0848268958810765 0.16744485523104502
7.451868726088316 0.4897760744903856
1.7742603954496947 2.75256924710057
1.9649412619885989 2.6151722121958616
1.2242046546529919 3.5543922799677024
1.7221899381778558 2.3510659678985073
0.7312299861358162 3.478039053457067
0.4047064782919976 2.460294430962926
1.2066374829441526 3.4644006413965602
1.6159204837757681 2.2738079016363884
1.6900544609658936 3.61281068968575
1.9790924797093385 3.1708340395986374
3.061778624998169 3.283308528107182
3.282837004713728 2.774986534552016
2.243461958488467 3.5484078673858326
2.7650063869669514 3.2134827043199485
2.9195167640771524 2.594677381512585
3.3753182191155036 2.4605473181754256
3.530691202307839 3.567300545315722
2.144467850766684 3.6206745044153603
2.7856063206740216 3.3106635500314687
2.829829898604703 2.867126255382746
5.6296194719386 3.923078304572921
5.5697429204897375 3.4140224777688917
5.661689860079642 2.642621330364773
5.498696613470381 3.321871879677327
5.1658999786230915 2.1266261658184424
5.657103432938763 3.0920962805720187
4.996729206498713 2.1130171783976204
5.2436114449067395 3.115201212508068
5.663744220329199 2.1933120628123115
4.985801529183945 2.7199484930936384
6.890737799406819 3.3173088287394483
6.4131097460481 3.6111671519972957
6.836230022472489 3.368916039542609
7.119549959476804 3.3988833122359425
6.366693432950455 2.8027136516567817
7.625922384021535 2.046049303236008
7.102244784080133 3.496160387988002
6.3218241298688005 3.173273669950925
6.742026577736552 2.0895141788583684
6.999391724320312 3.229519665403469
1.6335929087529075 5.530899209157347
0.7421873394622707 5.767016292934468
0.3122411538698069 4.354039438023445
1.653937451724098 5.41257725625775
1.2975854253846861 5.828820575416286
0.3574026325571702 5.651628423495698
1.5716177096799917 5.901214259087545
1.8798515751366474 5.042852417705597
1.0687990296902041 5.314281239098485
0.974404878658848 4.960046299169798
2.714549230801805 4.910337665136117
2.3798419290325556 5.214766496380252
3.094374619045861 5.06281666780885
3.2186400811207685 4.644808938679979
2.4132400528887232 5.3197913340119545
2.917487336576418 5.438656508714359
3.11924893774078 4.5875117325489505
2.4131390168568503 4.370621609804584
3.2800123617516133 5.475962047394212
2.4287665847815143 5.0014083051375255
5.226097539869814 4.401645901476225
4.644938457873374 5.025524875377865
5.428724388004159 5.954872822024707
5.746122701078926 4.481331457734392
5.179997867226657 4.817250274096256
4.556556873912488 4.600020152819328
5.1463398002342755 5.733362679786847
4.899914582029755 4.479617306210542
4.76137172350045 5.211171328861269
5.156801586627644 4.068792452836306
7.279447772927674 5.590684061656093
6.798774546027795 5.779899019241592
7.547265897552153 5.822219474102194
7.737946634279922 5.5151525804301125
6.094736698895504 5.597947797515094
6.049577730205061 5.157140701604728
7.023292690747958 4.97996237339558
6.614430385167166 5.561771026489221
7.746290283921733 5.477916323733801
7.842747404596311 5.746363837808005
1.6361361145666888 7.256368223086556
0.8274657307913547 7.559271762129912
0.43451707399465955 7.824389221868154
0.6059376675108776 6.0817525594805755
1.6650554946895642 6.002124940865929
1.4105824521927688 6.415694735246352
1.855222987710481 6.42133205292177
1.7874044360224686 6.436383118684324
1.492897342785904 7.369977139970551
1.4352181196684037 7.4126099394500535
2.418837447131735 7.748935158727391
2.281918071371037 7.7248193363145905
2.427345865518766 6.671145043879296
2.480413649200705 7.5512632103302
2.862304599440703 7.194448354100633
3.33117033621937 7.1355235885463335
2.8144233667291942 7.366884446359723
2.8834283050590326 6.740137311297988
2.962119779261138 6.895287415635885
2.873613446573886 7.483959027446939
4.1224330625109555 7.684946174140653
4.970716349038025 7.432902841493318
5.600705176431756 6.489124050290303
4.81497146219783 6.106231884768203
5.5249548999094635 7.198376675983235
5.699994543892654 7.370782613178757
5.261632239681906 6.131041383311555
5.473081263300429 7.582023346136428
4.45834562419452 7.577658329809851
5.009231507172893 7.816165363451414
7.3336254109478825 7.274174021375934
6.684463874335812 6.8244196620513105
7.531520332811975 7.472759334107028
7.35521563647749 7.023196581789196
7.794371354203291 7.166269503688242
7.5005262640736445 6.94228247487896
6.926549721393405 7.818492423272106
7.754055087138556 7.826236212405748
7.31849201270232 6.97457286777686
7.43820909125281 6.247696960238307
