1.2814534314157064 0.9265812046599067
0.5673444921941033 1.145805421224877
0.40520273750579494 0.8374583414651757
1.5291841638470507 0.2563173310668265
1.4870225906722003 1.4684819427735172
0.47736667899295826 0.20677587353811244
0.8369747092025115 1.7699465196215838
0.4763815891682177 1.967246956261506
0.9565133531269909 0.7892185290604765
1.1745462883521156 1.6349354278920516
0.6253165327171333 0.43864143004483847
1.6973430070997018 0.5235861721608739
0.981970648337537 0.44107412184062045
0.20539634178668598 1.1765111565990378
1.2054214236416274 1.1744895050631716
0.17032794540050156 0.5249696998299214
0.18675432458811625 1.932498375265844
1.7232903770077324 1.678927862040332
0.5326693766872113 1.6041771313483166
0.16162285434052936 0.22286849364881545
1.2389487961944017 0.467379504033937
1.4506229679511944 1.7356562803921665
1.4481083469250107 1.9975927007236296
0.2470081161537412 1.6697337650619763
1.5115008608635088 1.1172937393767959
3.9169264605024883 1.3453664848083977
3.291706196074795 1.6159099369605652
2.879594609615113 0.8052776872277816
2.959347627707202 0.35595073277613043
3.3790611835340485 1.0822650283077304
3.748426374526279 0.3002309886980117
2.842333429805561 1.2360764494376575
2.354983925932595 1.210440225362951
3.2068171837383455 0.22054106742676294
2.895253690702522 1.5767384784186547
2.355217326083878 1.5110429819034508
3.658469240024411 1.0858288738017887
3.6934000439955663 1.6910816839351184
2.420785575805754 0.6604044769823363
3.4042676527507343 0.4497929610345661
2.638209059214545 0.49888126213302675
3.1132047690313733 1.0634486042947362
3.4778136696113036 0.18361500167653544
3.938751398100886 0.6645753444567892
3.640731640105432 0.5869036390313895
3.8646219561148527 0.9088731869881521
3.310670370301608 0.8130733540805644
3.6515387190080495 1.4212557406590673
2.4249810829424803 0.9292009045823328
3.263091782919597 1.305625812954297
4.432276867846522 0.589391414099731
5.657161100011194 1.3068871052386757
5.815372153919261 0.6358131474821671
5.720084880878176 0.8807337169460892
4.090877305839047 1.1127161464601958
5.085544228157486 0.6422289362225457
5.0389412493768635 1.454641521907594
4.564131522644397 1.681424004332648
4.932043348833784 0.864321162898001
4.539228710301027 1.1648471460335388
5.023398477675315 1.843635515323284
5.643328901742253 1.6715362732303964
4.640651182344646 0.9280277316027079
5.3660410110923635 0.9331631761285135
5.424658523366002 0.5321432723696113
4.696495926470473 0.36865343278383667
5.973816543656161 1.0469676200154518
4.726158475234621 1.4090190204468829
5.359432602269141 1.51296735843387
4.0641758460567186 0.44527171336434956
5.3960548988317125 1.9276036659825762
5.383616534741353 0.16291881552522058
5.795615497167535 0.21944278161589836
4.418558746755597 0.32263493539402677
4.360937750741373 1.5244690238120875
6.235790093708115 0.5637295026575342
6.173580771820193 0.24579058802558418
7.108614965826928 1.6450951405856953
7.828678121041393 1.069053918055277
7.001171712257092 1.0657744383079635
7.240617556787175 1.2865853925840784
6.920269011853063 1.4315442703087522
7.693545354799132 1.4908558921849477
7.464316133990508 0.4355532180401196
6.622242755857133 0.4971142074446657
6.627866058021022 1.6970127838524336
7.745149850231308 0.4199368859952233
7.218365474587679 0.8813324978764743
6.403874018829649 1.47659295851097
7.618069365090145 1.9082757725168147
6.869465923911792 1.8565073753782624
7.518618803746143 1.0821561580550145
6.254591410258637 0.9147525453417495
6.659605901394288 0.24141999524394486
7.6886705034002185 0.6778342048811097
7.395280110051633 1.7338215912607688
7.83417631580282 1.7482820589678807
6.648319689635448 1.2208578496567708
7.235364066814515 0.6210114785979421
6.350913390380516 1.887337076689812
1.062028421100501 2.8570229084444003
0.6549441684538269 3.452050770013775
1.564625148006724 3.2425065672076565
1.7700724556884795 3.0549954900854575
1.432824654858952 3.642758343617497
1.8301005754783508 2.757226463331639
1.371155076877683 2.9590362147105145
0.3518416942085456 2.49637719162904
0.957098309998353 2.1145352478784023
1.0251479997364557 2.59380422952366
1.8174188726204896 3.56993518169981
0.2992640280020944 3.193907659897843
0.8015416736560961 3.6784010641003517
1.0313995360606945 3.3008996740386722
0.7689603830569851 2.9498541785632946
1.2973355002681688 2.3528409877986247
1.5979746428398676 2.5664660547700846
0.4926492266080311 2.797823619547497
1.1110216746119044 3.5718031967798867
0.3479076035117976 3.592952223382121
1.9176186282995686 2.2885532992594624
0.597311198138976 2.344692766980555
0.33630419131208544 2.1933804824917917
1.2734363402122988 2.699133915704974
0.15468064265565906 3.4294724519845348
2.23870860296794 2.918886583330884
3.54525719122108 2.2987677046842303
3.903584819950657 2.6595930532622667
2.705976939044885 2.817966628009909
2.234580042426522 2.4142565353822008
3.8079628719890057 2.34185836514439
3.33874182351125 2.9938310618745483
2.3099084181265765 3.4697347976301987
2.3154904624594175 2.6800815490019305
3.9923685255053503 2.9029925688496405
2.5671432667651146 3.6871248248018134
2.8984477962935715 3.5092680730004986
3.164913813741503 3.6171966710853525
2.982517890838163 2.3868311028488627
2.730403587794983 3.131560205626653
3.5886774207947 2.9486852462000623
3.099107484787301 2.841114223608038
3.7278853131035214 3.5984556989540133
3.4336565825149616 3.621841708385533
2.4959242055953714 2.975477988872152
2.670594930919679 2.306714582305767
3.058387529181984 3.176893128762128
3.5656559028599215 2.6052266588474624
3.294212847152862 3.3580178520893704
3.3091584309697284 2.4184988580871254
5.146765316883157 2.598823769926529
5.064875296787552 2.158037322751001
5.526906102564955 2.3690284414184104
4.020337542438702 3.2820176192674353
4.339621471232027 2.9254494825863557
4.241105677226494 2.6330236902893436
5.55377735076791 2.9812062792694354
5.168925996710106 3.584650518595022
5.551928628610025 3.6432388174552655
5.393007567299901 3.31839176220381
4.539151697105203 3.484778080218432
5.163342493144742 2.9012510473475586
4.775818087526076 2.6543145671749864
4.455387516364783 3.8200842082646895
4.8866233814429725 3.379996700015938
4.3982872448684684 2.1537897102060253
4.704829231954972 3.1508228556275717
5.679176350302734 3.950862765697382
5.704027678716942 2.6024784051859644
4.21278451170034 3.5693129759379723
5.348301793376824 3.878146149828172
4.730498883900608 2.1844325864115524
5.127136867622466 3.209212669046864
4.734411509738413 3.743109246602078
4.423849144588128 2.4416232343401085
7.8418325668176445 2.138897085597352
7.492318776136973 2.6078208171855586
6.5063371670113535 2.335202934543258
7.352673301733269 3.680264739945076
6.989595343940084 2.2268829322206694
6.297480573271141 3.7183005798805078
7.204338701997764 3.2432780401786268
7.24289292421504 2.1365924350731778
7.228992729259718 2.43989653507328
7.71643412005636 3.6768100500279024
6.377567664168664 3.335527436159515
7.820676113092947 3.3704731181425283
6.5224725681026765 2.7846186608827868
7.706908336875106 2.9377139031989685
7.218671073901524 2.7158436471985943
7.541738436019504 3.4692467562978964
6.862798569452478 2.6487528908013482
6.927948539084882 2.926426524303731
7.072687401083225 3.471235141568722
7.475606658040719 2.264926663651435
6.639799876962939 3.3075568279477494
6.9134870798081245 3.70727567203762
7.818244414347901 2.400287890672118
7.337761666566306 2.967641716920043
6.353208307441841 2.600521233607825
0.8786234813508993 5.959213052694203
1.1760657780057533 5.745881332434715
1.2671090056903538 5.269204282898624
0.761079245886678 5.415474003345169
1.6254776308311403 4.853835537359305
0.22018319148472032 5.4183955122793765
0.7441620135789633 4.498744215065506
0.5101153076431408 5.973904394598243
0.46678229429300955 4.372490792341619
0.20443190705224268 4.926725729220067
0.5741144583246187 4.7234631095379935
1.1896044711605307 4.54449993420867
1.4563028390801032 4.405404632830809
1.9744175066529945 5.547278751133569
1.63299341343166 5.309913914670417
1.1021549646974784 4.97560495221502
0.1732789043700511 5.954551678901327
1.7344744348733898 4.296420361791151
0.24301542037478208 4.621406676966071
1.5762512856106328 5.883275752339754
0.9243544238530619 5.175679659972803
1.8968757898108486 4.780669167708491
1.6940612437530418 4.58821962072164
0.4680366377175016 5.534463741945093
0.9273013377468071 5.689652395305231
2.6774208006436844 4.63182738601256
3.717768847755563 5.345120238907674
3.696384031860883 4.726190150202964
3.277274753214206 4.425499364287993
3.07797597530984 5.011982048827625
2.2336262531835622 5.052368771042084
2.9483829528432643 4.2883747411096085
2.116245220435618 5.315271569113807
2.130736768044053 4.363151600179613
3.3774188295088976 4.872714900110742
3.6895844646247378 5.0949847931422685
3.260346349070221 5.307454560908425
2.7004054184587027 4.912784495397933
2.2442817103708235 4.70498395999769
2.824167142726628 5.193104287710615
3.30570984485653 5.706560632282694
2.486971690244151 4.432565098833642
3.608913740573425 4.357227537801932
2.934453053062448 4.781772592650398
2.493026998854659 5.593489596395985
3.4710265241763096 5.4681990585137985
2.2038159641065813 5.71758824523602
3.1097537986464747 5.543554284572644
2.802658482271729 5.688294100879741
2.5090269859561385 5.339229620707276
5.5383029380631905 4.5141696190396345
5.163924610471883 4.996717600918257
4.684990967957986 5.26137077861088
5.366758796963649 5.917140145071541
4.311176668264605 5.644267918989968
5.833105847687928 4.6776675829367305
5.743765244601648 5.797512510366629
5.384106327258329 4.157646948963427
4.6032875319309765 5.915275750210085
5.131792864772401 4.447791581338379
4.764027211611533 4.319607944209279
4.353406576418738 4.751726215313056
5.049937748092267 5.84994155705905
5.5096164937529455 4.904508425887013
4.303974022531751 4.270736355249177
5.684830798646788 5.443526005688305
4.668718631593168 4.831661383598159
4.947813906988408 5.56896948188725
5.396693647236931 5.500453723581183
5.7210093105800395 5.0782554953394206
4.953593315517104 5.248890879549221
4.487071178348015 5.082692467176485
5.9953284199818055 4.952061692305225
4.430053866123719 4.490187858819458
5.6571772602641275 4.267354215594267
6.8949775081409435 5.393145656907519
6.031557610763795 4.509714283274716
6.712901272749172 4.835324193750724
6.367256073920699 5.749194228318693
7.486646005770261 4.435602645552361
6.321707133934706 5.096464045597125
6.683049203580476 5.548256612868594
7.0277026625476235 5.954603330102235
7.462425410019439 5.3333687814331086
6.699403134981283 4.396635734136613
7.8373936252909555 4.873611470015472
7.523937924841753 5.812925116300443
7.843792343459754 5.495216687567597
7.167051584490052 5.378277116970784
6.01781924644818 5.5783297621942145
7.137061304279309 4.400638021978697
7.096342895314373 5.018597969435549
7.307879958521738 4.753237891720917
6.331692535359815 5.465072696743439
7.741866285641464 4.354586767662994
7.298914157700047 5.650615519147015
6.009672401438423 5.295090800612777
6.29308662604915 4.280703083478395
6.457321629881731 4.572405135140054
6.427215170709503 4.8379971044139936
0.2037871646744558 7.469023941707771
0.9495235683864292 7.409384314479722
1.8225282392378943 7.735829866370391
1.8102564290881853 6.69594209289031
1.1916945104193628 7.163258480394753
1.5657026884813987 7.48901554870714
0.4207683842902423 6.587609835461548
1.743351817779645 6.336539097732224
1.211293884825001 6.691946927085114
0.5553850589005214 7.657665602774243
0.953089310260171 6.202238065659941
1.5529177664820637 6.844754914240008
1.177712987084235 6.35599679263061
0.48088009811124666 7.08218103890349
0.6139270965539321 7.385454141131447
0.8892269288684505 7.793551603903798
0.6317107413209577 6.881770426882252
1.3818238880687839 7.790837029317544
1.2995544239350398 6.080049594750074
1.51584227011457 7.134775721394929
0.2125664681163535 6.283643473626869
1.748599729455182 7.244512648931529
0.1505265637112012 6.93834323992027
1.9038920465072393 7.043599580467694
0.6726097623013367 6.328629231617245
3.316362898112768 7.339452738824307
2.1168253592283177 7.434752416262616
3.5815706922677597 6.664726488655781
2.1614357676844804 6.9636364419591565
2.4194265064379823 6.276558503384457
3.447359949208051 6.884927328616385
3.505014104334168 6.327577009089509
3.985637228829685 6.709829452858789
3.0390084488704074 7.219461033223949
3.6124416232282535 7.258109700668906
2.6385700317694103 6.808317079104371
3.8447551736368917 6.432473826778578
2.882291133341888 7.582437732625502
3.8340785767538077 7.7278238585339265
3.140062858439401 6.778275878993996
3.4977944801368066 7.614618318321014
2.1014627905692294 6.464108871480405
2.6234915866928032 7.296982274992458
2.614476074503621 7.6638856844446686
2.8828764507006555 6.35113738294577
3.1849171430141237 7.6707351316766905
3.8501131140221916 7.177381297807214
2.315010206902774 7.71977602822001
2.4518610933094314 7.102317044523164
3.1713467770613777 6.3842500043542065
5.590042852724122 7.483028347874221
5.454782467429955 7.8338034936344405
4.356338780336426 7.341527850515092
4.870842991718015 6.920900397133887
5.721648108520164 7.054294054695715
4.848075541478877 7.24413851914469
5.34411110871636 6.663386661244967
5.1646682642280926 6.142265097741165
5.190662654002928 7.105681170484684
4.445492282566935 6.312046419355843
5.104423019877373 7.7706252655583
4.504492205841901 7.107972200870242
4.85404606758489 6.266783943894686
5.706383679706436 6.651381514691191
4.836543101979455 6.613508676478313
4.147252504954112 7.074294754214301
4.4885793907148805 7.841470604429095
5.466066902500506 6.2734078339282
4.089457174751737 7.706857778321638
5.17304347510324 7.464082486088237
4.7582842118744 7.488550891076381
5.4631128950101395 6.992099709678626
4.30874928016312 6.092573887029928
4.584675909356523 6.548783754735123
4.095189661495399 7.435209485521015
7.034864361312816 7.718381312637782
7.74709630610686 7.129237287444406
7.290669303020346 7.528128758830806
7.4654096598048225 6.60420412122762
6.553271071752954 6.535089659988594
6.4707764927886195 6.923525988884821
7.096873267694907 6.869146786689909
6.2964119094754105 6.657906779237986
7.349306938337543 6.987907366953586
6.5372370937217585 7.786554466516364
6.851981117961767 7.220095767521403
6.8518273243706505 6.737090083966718
6.583145325636784 6.025490415496512
7.824677655650618 6.226367874210915
7.778734632264753 7.586358834147344
6.60363292720022 7.151162278865549
6.976627750007579 6.392203003528065
7.513474766742487 7.776094328145766
6.373849423451583 7.436381798224396
7.768159166358046 6.842747143670196
7.0346599232102385 7.467156717954794
7.258302282397772 6.0923663907237
6.327946669244406 6.222342599932874
6.791727413924862 7.822804573894027
7.548104356991584 6.315684382485841
