1.6028230959006515 0.9522850273719587
0.9115953341376648 1.779927978808087
0.18110253827226042 0.49826152994875317
1.5356627987046731 0.6016214325339848
0.6278673736055822 0.6677881323640045
0.33519939477984684 1.170503010256794
1.7137262236197455 1.837634192617762
1.493117553831172 1.4266672993755818
0.6876463205207333 1.1245191320918257
1.09602774001074 1.2101337331056785
0.880393144711314 0.2378763846382188
1.0824136383770646 0.5704424231489449
1.3202217096147157 1.9012611726522604
0.29359184807248173 1.9959577155340456
1.4903999228493376 0.15925855120099053
2.89106136371256 0.7607195845448658
3.459793627196017 1.3315642996124804
3.9029325290605152 0.8631956400067684
2.616511758683081 1.330472064936025
2.3539492736744903 1.7108854600502927
3.8580348224048597 0.1998471987853747
3.146996424348905 0.24005129418673876
3.4431349960647006 0.46922979344225246
2.5274904253004022 0.21398329821682682
2.3880379050619323 1.0272768255309737
3.8066322618034 1.4031426192568703
3.0317076417296187 1.5942849584852057
3.0707971133515293 1.1582539608147673
3.522110097253611 0.9733929252199054
2.4729936615712678 0.6643647653447267
5.632140161382427 1.4235222467505941
4.86054837598344 0.8572614414760538
4.285191126584255 1.1978608041062269
5.060929304617657 1.3436479573766342
4.937624754202118 0.20747532457312268
4.396505572763856 0.6415005060844552
5.714410034038359 0.5962818001941652
4.426109320945134 1.7292517266534964
5.303711743612157 0.3423174287609505
5.1213056051022665 1.7527833870465286
5.96464059337419 0.8529627561716138
4.717387411931279 1.1837639206422996
5.94546953271638 1.6810890001909864
4.564143515893518 0.17268102161080945
5.34091496171023 1.0993708182947006
6.6623316470398946 0.31806173582704655
7.353067871005238 1.5031862931610902
7.156720482710448 1.825068352776838
7.719087616191002 0.17511563853225143
7.564845654256409 0.5900286232518857
6.726859940907775 1.5490721611683027
7.149822567149159 1.1689542535350272
7.5524357866174 1.8420319254106383
7.358666035072272 0.26022088517476494
6.134366851503931 0.5364245231332219
6.356001963730914 1.6556759506257435
6.824801674453534 0.843394131911503
6.180740969157057 1.2572775593706869
6.308850442316643 0.21874838120505147
6.731580537148142 1.1901940404338707
1.1339254250613109 2.2536291414002916
0.572990465482135 2.8347846130202807
0.9009431703061781 3.4794038267279452
1.3526571588862384 2.78918693830184
0.6860376885401132 2.238929116630954
1.7141215031805934 2.3954578266509987
1.643282676119379 3.668999262230107
0.9690881670107814 2.7280321899759157
0.5067445185916035 3.676543616574682
0.4686338215767507 3.1935381528758464
1.8573255833817484 3.1326934454191684
0.26165453675676464 2.606424594983232
1.1957656776457368 3.2861578451139755
0.17626923422504714 3.3912094636537047
0.8783229488511488 3.1205535159376447
2.705852805090899 2.8939376776465924
3.015309117447722 3.168991701042505
2.9657131047643825 2.381398562433008
3.601430589815953 2.5375738018838376
3.0884760429776486 3.5636820606615913
2.422949450691398 3.2601093018464193
3.6333716489501153 3.2651856002147293
3.9514521123144344 3.6774265640648633
3.173106165798564 2.6692188352432478
2.688403412800724 3.697115696966292
2.5399610194097564 2.440072149608058
3.9126259101755156 2.3770192740953986
3.453269563338541 3.6977552337453217
2.150779590781264 2.7232881756112377
2.067584703815937 3.5920067839192447
4.795379047278951 3.277950269550194
4.718761995138379 3.701719741028797
5.029105350727866 2.4563881165748045
5.526492099473962 3.4948310998628402
5.3158447820162396 3.1561876860407625
5.603044284372587 2.5740660324595606
4.8725776972228205 2.0307160412844603
4.406231802432489 3.3757097457876655
5.527649310294129 2.209181199670067
4.392220816691286 2.7711035913652715
4.511543240273828 2.3873330075474293
5.093647065224354 2.8547554022466217
5.06729214181865 3.9625810093643237
4.033828268336395 2.866202295319331
5.6570727088472 3.8537183135810182
6.782445840724677 2.8760270028509822
7.439231960072604 3.493786601915293
7.1994380439838555 2.5971404061275667
7.716651620924613 2.7240091315588515
7.185560709886991 3.1346747529131562
6.672848435692018 3.5514712366548498
6.602884189472375 2.468434441962497
6.2808107373067195 2.135967591001955
7.753988099444055 3.1166607609805954
7.046731485490056 3.6835737669066386
7.842608782105712 2.105302597119522
6.947350070678036 2.1099775294137126
6.421966659166104 2.9693659103124856
7.3153050037460785 2.218650985651399
6.330068858758353 3.65377904822458
1.2984434078723834 5.039540554670287
1.6235510645459734 4.514125901369809
1.796486358032521 5.156195645739168
0.840339497536684 5.910660197742699
0.9462650916912652 4.542098939725361
1.4728701006638065 5.590362125760985
0.2979689396498073 4.856814561336888
0.5185437761103131 4.484833826238601
0.15153288116481844 5.407751469944117
0.22042084859420719 5.853766660231923
0.7372932053657284 4.973794746268503
1.9140916419229947 5.599934593732403
0.6039957675130962 5.393280994508006
1.3442244002286268 4.292441674505524
0.9614693917838573 5.377002906646495
2.6585465466031364 5.564464831349373
3.4673613050538945 5.2874134402319175
2.149925761324525 4.4943897209570105
3.04771746528532 4.453617120585795
2.5723104047507315 4.629806849900054
2.8855917616650943 5.049891974481266
3.5665465262346 5.71040081680151
3.3238852682726714 4.937196301570799
2.2524700997425544 4.976144950409741
3.0058210512853103 5.637663351942391
3.7206608038190008 4.351877809596516
3.721495723686206 4.731463760918668
2.288159247905912 5.5016108970335
2.494571706541615 4.280382940034032
3.4099034904211822 4.532772106750122
4.293040411347981 4.946436927993105
5.3042958227913894 5.15308120936377
4.449186637923553 5.837947734390319
4.841942660101665 5.252790361165243
5.562225913694429 4.672581982789776
4.93507765180515 5.76192289820554
4.461620375235325 5.416410292524855
4.7521515700856956 4.1673391412697125
4.916236523214412 4.482739509454603
5.337443538032277 5.7616902146313205
5.724061407989131 5.957358229820548
4.80470379801822 4.869724824594919
5.9123068291472105 4.6389371932089265
4.326385917545415 4.539173537345125
5.663392344942929 5.539699494565557
6.842893631173835 5.998065394295657
7.762880326319608 5.165928855932888
7.3529793211721675 5.126297965832259
6.587095531620118 4.8390239410617815
7.665274150852429 4.396948743584415
6.778529903562129 5.479401482225182
7.287975103208041 5.8131705121890125
6.41542071784031 5.390021349093079
7.0092471076785685 4.5239780741851545
7.779073709453923 4.757489239279904
6.301827367092717 5.972400890479839
6.523365261863914 4.377781242696106
7.641048855095365 5.669734312850391
7.186523181493275 5.452965736081748
6.112988047569924 4.306536489741294
0.4668482884397218 7.308635657030666
1.8514953000405427 7.370868987440462
1.6702914879347541 6.648664554621254
0.8226572164486379 7.123291310451296
1.1092842574906217 7.663027020276299
1.1336114283776324 6.3558671333924135
1.9826841313504164 7.816195075405254
0.5135697731738962 6.405828521822874
0.30452348093404 6.698529700042208
1.9879941530163443 6.334633883784732
0.4416384527089694 7.694957595846024
1.1743594834345974 7.2231285016362925
1.9184025931892354 6.971173392162461
0.729155887418907 6.766010795227632
1.3643420600066154 6.002855913489861
3.386473335286758 7.597136065136293
2.4949400684564473 6.660323578942532
2.9533333054701583 7.213431708349994
3.4284615719593043 6.921902244525834
3.8817701907184574 6.893899512527366
2.877339674156508 7.815004459187208
3.6453017514614987 7.249207504526965
3.4526326924797277 6.534624010144095
3.0800763305137426 6.357749357162353
2.3663142083401594 7.846885171302752
3.9134167076088957 7.629384670168849
3.0881900736283625 6.786464882818668
2.2960985862956074 7.4926294930204875
3.9155795000684384 6.368404624150318
2.4696591834994743 7.067067307039099
4.793419777123758 7.336267667179341
5.5121267338528765 7.02696525256989
4.709509821113084 6.872556979705091
5.512034773785308 6.657870788060758
5.094327053382398 6.273803533096997
4.301779987860058 7.790733524733941
4.3127751888135055 6.642999457834872
5.60635782876783 7.793656230628795
4.433990233966671 7.162794223494955
4.685888212870264 6.49487969493148
4.418968560599599 6.255949406163971
5.274352987651602 7.680262237168677
5.088159602965001 6.649643035994471
4.701442393164802 7.800413695138987
4.743037840775827 6.1201347330752185
6.7981914506896866 6.663680005524299
7.795740465121194 6.051432669026573
7.767798669956246 6.540486421554163
7.10364385353736 7.25773356731823
7.754117128300752 7.248795064564707
7.338158671127541 7.749449493674108
6.283844055027005 7.246624748813138
6.672622560391508 7.642027755958031
7.16155704230274 6.392797212353629
7.1201042546661375 6.815594355438353
7.619505469724977 6.8673955842951155
7.442079918140589 6.147887096693474
6.363508486358521 6.682905618935653
7.840618873473295 7.633001776060351
6.2944215991364585 7.624281964325896
