1.3782346972179558 1.9710607798452984
0.9783357809427566 0.9535780317587885
0.33031488523102714 1.014056068736861
0.6108556033987391 0.9787594864941711
0.5618259648198061 1.6473052398887011
1.7156828867914684 1.0656378982484298
0.8042992497944483 1.5724755313999348
1.3571555347223654 1.7231357359031305
1.4226874156455518 0.4514045579310575
0.5844480272519001 1.9469726540741987
0.31757460812462623 0.2174617166710966
0.5283434167325225 0.4503164979457104
1.6580102209178225 1.5736976518771288
1.6276567044595924 1.8997867100606998
1.2035274032215881 0.614294124338336
1.2809714673223587 1.1638013689838622
1.1727753196425663 1.5259054893907624
0.30605506059456 0.5237708376316437
0.4537586751811178 1.3114086810262464
0.9290213724039058 1.2085800233131148
0.18022535599022316 1.188085950672122
0.6409759266665946 0.1659880505921374
1.0872058331596461 0.3477767143512438
1.5145623201817615 0.173760052886492
1.6227035218487476 1.3460732701544775
0.3604919414055108 1.96639985191068
1.580633592125156 0.6320389462332721
1.7131821659341815 0.46831399503021887
0.7263825048597055 0.3486897571872756
0.2885455496951055 1.7768488697385751
2.593784287206126 0.9887427842347789
3.883381757741578 0.2776276674258571
3.394624768081288 0.40703560105412295
2.6327189872261574 1.5324648678231783
2.815285159665099 1.0601435460458937
2.9206706395630864 0.5842573815205252
2.972009855572968 0.9247406695102764
3.6428365250048627 0.2418244898937556
3.648775843098054 0.6070187745984559
3.932724285145658 0.8630174182623176
2.838703751600388 1.465337295173581
3.6452905993029945 1.1428447340972223
3.1839447410933595 0.9917676754993268
2.725384634865526 0.31183576107413047
3.9041768145592526 0.5115139088938738
3.0079634165065334 1.5859449380286192
2.419666024934438 1.5109332870726377
3.4104487013191465 1.6697341494571398
3.3028210543158654 0.8031267927587211
2.661958996864989 0.7821387268233824
2.321539937204462 0.5032615607503348
3.508241874173594 0.9858270182322879
3.946314480970994 1.1956050421029631
3.839898140833027 1.6809460676496653
3.002033302779178 1.2741342718914077
2.375972076321714 0.9454036633660285
3.1688408216586588 0.515867033893818
3.2802044670698756 1.3358038094377898
3.8405457249287673 1.4590197847600692
3.1051484554927136 0.2828058505676385
5.530887484182855 1.936517875855484
4.314605009862317 1.5345020711761417
5.340015349770964 1.6167263693114373
5.627269627431977 0.727783043173903
5.650345344802691 1.4406436325113043
4.861408582904383 1.955144256312508
4.616007203026828 1.2108446310089005
5.399896067650085 0.8901412766491581
5.833021568186346 0.452880243921298
5.798120941881693 1.6445535549707089
4.540749037046226 0.9046972444973089
4.467546791593057 0.6874999961634201
5.149589910009938 1.1750310982706855
5.214894048864128 1.8748300714063573
5.247522193621254 0.34615093057252366
4.517574144356467 1.559228930810408
5.602756518510738 0.21250376929226356
4.417712634458159 1.1054414094034881
5.968281100890469 0.19381341847161315
5.616608455094602 1.1859094838021889
5.531251156482336 0.5284030939618531
4.393834732152587 0.26106088608048306
5.040368925526985 1.7472091633418898
4.870336233666862 1.5184464537442215
5.369015635494557 1.3317766446394554
5.872268476474073 1.2526932773202732
4.185964364859126 1.0860092900963325
4.676483996228757 0.5586520138524529
5.771076804192421 0.9852804649686171
5.043227389403903 0.29556874624714835
6.587734224946703 0.4129758494498894
7.469123048379959 1.4548520190045133
6.248877377717964 1.3519279277852687
6.868819808256934 0.9923068188752429
7.748287279685979 1.7250911105643767
6.110677803234358 1.063437201954027
7.464705197798439 0.8235160512048336
7.351897601748605 1.278337941277788
6.339327061637156 1.0153601225350806
6.791693101287887 1.5746397200857254
6.488045323333113 1.3693930614138237
6.008162653466663 0.5978082771046795
7.564860372312448 1.867779082170446
6.859659183627759 0.22347100545421617
6.157409196862633 0.3137692722868801
6.435556008051716 0.8383256479782482
7.097902313631297 0.8223346561060529
6.5775408337965935 0.1508790823428927
6.064238706327151 1.5698989105304288
7.695206053951683 0.9506925257469192
6.980490063179096 1.3956717614869403
7.434018864120835 0.23427865488074628
6.801482451926607 0.4908196114061487
6.60913837356107 0.6445001421014314
7.0560381847949305 1.093572877191878
7.609869798731671 1.1337322960429166
7.233287029853754 0.9926101228302975
7.686929538336026 0.48950297099580276
6.51087114488372 1.1465515299176705
6.359038781362904 0.333955217675048
1.5736837426061667 2.9165124964573517
0.4512372730698293 3.4396361124486443
1.5210381498288652 2.113477084173469
0.26961500935689253 2.6112442703832714
0.6917252441482848 2.615555792179806
1.447942174922039 2.3171930232643274
1.5121252838191555 2.66238583111949
1.1942157600711567 2.4468377948736197
1.289397507358487 2.191220767678904
1.006149764290364 3.7142668512150383
1.7225613072949884 3.2500205317343775
0.9047571375182475 3.059999171279805
0.2605077157938209 2.9295595243702226
0.770216728678192 3.4675243664055384
1.4682376075415406 3.443027896095902
0.45378163057447285 3.183895821967992
0.5918944319680166 2.8266533381452357
1.8717740015878994 2.374397976252661
0.6118675092514028 3.5970047756668544
1.4970733329606358 3.7038428817869855
1.9836079291410673 3.7019691429725823
0.3653651159498421 2.2300529812072947
0.1964984983695719 3.4035583752509124
0.5136914316617316 2.3665088459316186
1.2478426755766885 3.4939168637319478
1.0389415603121195 2.904208596233312
0.8135708656903955 2.4217223420458014
1.0687140116049103 3.2264762941437364
0.48815702324996746 2.6438765799874213
1.3074722746118874 2.737262351958266
3.129872292311232 2.3664642822729984
2.7276856305734216 2.5419331128941343
2.9260585878198255 3.173850223015621
2.655077609775659 3.016443400909262
3.5192543036279678 3.2407982059097593
2.1132786200173004 2.6679231338213985
3.8890990668029954 2.5317409706929457
3.250872953401357 2.7362555450749744
3.0421664536286777 3.6560688302324986
3.8222902926480384 2.853649804333748
2.084892476330947 3.151143397914682
3.3850312962118165 2.4507464781103243
2.6824680229724445 3.3369477299614525
3.243662281102269 3.3359195756141578
3.9244098025686944 3.490928566470659
2.372603890213173 2.9173169382533892
2.5009370996786955 2.506661883433509
2.220369794892223 3.5557375020188626
3.8876639644974604 3.2383002552690963
2.791163890588808 3.645398236493719
2.686426470484446 2.3266624905682907
3.495676517428433 3.614767865665151
2.5120545390075097 3.4955751603262515
2.0744286899313 2.376241263859991
2.961837074065331 2.975444795438649
3.708527894601315 2.6669401090371356
2.971445974015656 2.6616398877439322
2.769152079266253 2.817448204933566
2.9288959458862083 2.291578129946839
3.764957861401469 2.3052146375065137
4.651204630500452 3.5093521452506127
5.415111557598791 3.471364398320797
4.676722859349923 3.115185301311051
5.3190321951709 2.8487251402866773
5.018696315153504 2.2160881536584744
4.346134852474216 3.8339776002434465
5.424813757108602 2.4952186014401065
5.687397031546391 3.126713420942125
4.5733127596327305 2.845418261375955
4.11380247603106 2.3242692018538085
4.760770982752427 2.2732082778512854
5.05869884292222 2.6036087774812477
5.0428091711563265 3.6021524058108056
5.721609598727778 2.612191793831732
5.0886276665612336 3.387966784226853
5.513766341657468 2.1357840219188935
5.102698191232564 2.8377256196507483
4.075399682185218 2.746396140191395
4.66541109307514 2.490840604304232
4.302276402877279 3.2040838814589097
5.007583940155019 3.922801389703407
4.806513087937695 2.8842863921599022
5.02276349939608 3.0683450893404913
5.473443910242298 3.7107867107122976
4.175871939912783 3.5008891244091958
5.658745681132884 2.3039093278404996
5.66019811805634 3.535930504532306
4.372394720867468 2.248068045370694
4.6505805094418715 2.0689567546284824
4.0546306968942725 3.1134383829729675
6.917924841927844 3.216932385994498
6.642971372271155 3.125258000350817
6.493417104358091 2.101031585300648
7.338056520665189 2.1602737161087817
7.413971939600425 3.0688521814493646
7.460144792088286 3.7104251043970216
7.830796382904328 2.902493901727481
7.342112230597937 3.38898960921211
7.445179264292794 2.4402033780380004
6.913923467127767 3.512900925829064
6.632425635921274 3.5153442361950784
7.618640334350106 2.9354361654755623
7.141651052381352 2.889996350349736
7.073582123820072 2.5126759233010914
7.623450840193115 3.2828707729049977
6.852229034014471 2.7466360241747885
6.813858487108182 2.1783250525392015
6.431913048656912 3.1204643163228436
7.206033852269565 3.547642461857076
7.138153394962018 2.014624176313057
6.3360260912578745 3.46085876019608
6.701678374159765 2.4067694677031035
7.694208839357717 2.0591966665714363
6.483708557495257 2.40605015479037
7.801060796299792 3.561562767354496
6.536939968245472 2.7203970862618023
6.284138551043204 2.7369670888732207
7.115112196734302 3.366847491852927
7.319662373722697 2.619850817258839
7.832018111527154 2.2120703498810266
0.8270779154480665 4.886966725953888
0.4675931065523877 5.619821696935041
0.19079887562416542 5.81183124655062
0.3475111508520832 5.207182274508657
1.7117861001346604 5.698188467492177
0.6351716741267965 4.775623890240761
0.6456883589157048 5.826923779087487
1.7287799540843207 4.336651192314201
0.6738225696795082 5.553902394139909
0.9519425772455752 5.504464321791717
0.3472978562488154 4.714407767318546
1.028923938749973 5.8421177975371545
1.5647156140652594 4.687868087816739
0.7236230118948372 4.5666483413893975
1.2216710435502716 5.767062048897199
0.21204804936940325 4.941078889723404
1.3925001310798844 5.436753569866163
0.9776922711220954 5.132094759209637
0.37697644678777475 5.999482827487885
0.9708505040278625 4.691223409197392
1.6240600827460414 5.107288337212563
1.9509262990459058 4.658775469520757
1.3665756245486071 4.722708430639367
1.8116563256497038 5.304059421210828
1.4762179261468518 5.634381381804341
0.4175282442112094 4.429617342774944
0.739335608646833 5.3626088861657655
1.692070139211193 4.9177835378426735
1.4442826598764322 4.39895438990567
0.24427198441441367 4.286828639489252
2.012431248458083 4.319277243861259
3.691686007008336 5.283841724403573
3.279314229932349 5.109320725895327
2.3993467507609125 4.381549982920726
3.633608665980921 4.853011568915261
3.0495238653505767 4.741059892130156
2.1367183480963576 5.3175034366551355
2.934823407138081 4.30936900919297
2.7908925460350247 5.4615202780371135
2.187666537120323 4.807007502032078
3.0588520652236815 5.492489893086714
2.0964762328447595 5.63089438485286
2.4285563874029794 5.6174243923936995
3.6351120416801503 4.593345922764517
3.2615143167500955 5.47003791179494
2.827436879290599 4.633548432818758
3.397776678098445 4.808753684845135
2.3269816882593015 5.01164818677151
3.5598565836396316 5.662321792077388
3.4890239615280985 4.3598638282625215
2.5786245627781748 5.240429807602589
2.5797244011221667 4.692872723515049
3.140696478786766 5.285601878854283
2.131974291971818 5.085742697164047
2.9644933801056332 5.7034569764306715
3.1223736307510266 4.542581455256021
2.3773988342179155 4.687488864926621
2.4017888463841315 5.391445846980091
2.6812096339390257 4.299910911261271
2.5732351664497237 4.482187714867165
5.913865430903189 4.802326242657303
5.338024807794917 5.542587908471295
4.826355333767681 5.663589044920782
5.958520091863444 5.64040446878743
4.96119591133066 5.812829338701336
5.46773176691204 4.749104253106153
5.783287177694157 5.508826514562851
5.429944301397661 4.209723099790292
4.696937625740615 4.261087027801154
5.505580783355205 4.479682377198577
5.269900273471996 4.5491277868420035
4.559545560781766 5.599803749094777
5.434076459803381 5.805239693031167
4.691993730518032 5.065893119644176
5.703093824511571 5.255838010157847
4.3731205528866255 5.32878709419068
4.374405059599833 4.20214374266635
5.961406999102232 4.437993558481647
5.89602673504775 5.125326487015757
5.036300136023257 5.069129151822219
5.589553026938387 5.573837809118892
5.6342420523907695 5.881118763599565
5.021011973130268 4.4706567687405965
4.3195942098804085 4.704278389319173
5.9937025753500945 5.382804902800283
5.273320778308392 5.125033717868665
5.1918538221608515 4.734854212677336
4.88501951571407 4.144515019080959
4.686134904795907 5.439628829004997
4.790405319596287 4.887948929310156
6.58968976961528 5.378466113168775
7.087176980125167 5.164210339430523
7.459742979892587 5.174694660234559
6.967686677968617 4.826062024823624
7.605621565524487 4.286941014420734
7.018414639110905 4.2942342582726845
7.368004319541284 4.801976107748945
7.718095744071192 5.687713027331632
6.440344465678573 5.6298665160085815
7.581333104350099 4.584434112835993
6.496540469842467 5.02326387541866
7.074731385140492 5.8679681330057365
7.804226851638526 4.453421363278919
6.668246285459185 4.608646461432701
6.165187710868043 5.038934154957255
6.818829438178558 5.530877573847986
7.549497289940579 5.534226303986858
7.7795627310533675 4.979516882375449
7.073003320539183 5.474770113718938
7.3296837094769085 5.5201608933458175
6.295099996184909 4.793674408749032
6.4858786071043735 5.981335993730409
7.267352508419455 5.7134279787911675
6.2461912142176335 5.3307317887100725
7.737014296435704 5.912628455149618
7.577072551649082 4.977939731322747
6.801469810581654 5.962175813108817
7.2024179471315115 4.611003275632461
6.181163440523006 4.330846329977198
6.32088575464167 5.837266518313974
0.9916201106113789 6.953396593911002
1.3167127144057853 6.351078369618362
1.7290469920382878 7.31097639129646
1.540302155266804 6.408662034550185
1.8453335848460979 7.552542069412575
0.22789675458750303 7.111665273801533
0.16817899169110895 7.804207369606733
1.022087350416183 6.608821150610547
1.326929698785651 7.493835112121803
1.2543918734618391 6.862363739782823
0.6235091617539528 7.165621408969369
1.9573160913034693 7.79329973275898
0.8494031483078148 7.7279653150679835
1.6783391672452652 6.766483287657237
0.4715732127536756 7.675078414849497
0.3765298411353071 7.412897228522339
0.43927568230338343 6.30596270274805
0.43456704843046845 6.873399935907077
0.7373638734129393 6.30884723820132
1.334499707382694 6.5736579618722
0.9228481422273047 6.398985713615126
0.23051978696495912 6.634027870774584
1.8888093998257587 6.696159430450834
1.9948019818436626 7.268753172997098
1.5473058584083934 7.200297426280723
1.7193717025562065 6.100341510704146
0.7000790882994317 7.378433839894025
0.983266773716668 7.250691742347538
0.5696200582980371 6.721687140121621
0.9378050065797037 7.496451383052626
2.1578590762333403 7.059986230744808
3.1705738599626043 7.200743995706823
3.7692736193162775 7.414256291452981
3.823111843198208 6.486315557659967
3.096720249560777 6.396765860888015
2.1365019759709627 6.617343809419909
3.5515510733456073 6.728732258474544
3.2734456874439903 7.6769705387756115
3.214999298110996 6.655891332948424
3.9424208277306714 7.269343607721759
3.99360474970842 6.996299802479976
2.7595498140179684 6.35587430871497
2.4952213205985463 6.773477655016607
2.426742995686833 7.625859984069095
2.7793263967499287 6.661499645890583
2.6347702661775805 7.452051736572041
2.1656526337388255 7.500475130108965
3.4859701450934875 7.004611650374889
2.363147002923012 6.3452290446172235
3.35357871276211 7.433454101280066
2.9077865038886563 6.872099857819665
3.8267601266683666 7.836823474941019
2.8507152468417667 7.6969578721393175
3.906451261727368 6.749089088995069
2.837297301394389 7.276881024301902
2.3632606819850572 7.096920384412329
2.422707634929692 7.334384147200753
3.5735436461302443 7.310340301961423
3.595483841424427 7.554846565495334
3.024962862563312 7.493041979940727
4.347457859747816 7.47508850736764
5.4208264235309365 6.506709424671733
5.534423925656043 6.860768216747495
5.234365707707141 7.694964581939195
4.3918869635449305 6.011082460379798
4.508957911778275 7.630685331047314
5.51497262753227 6.31504812352345
4.9113313595407275 6.97473462559497
4.699712543648739 6.405606276553435
4.446299030086302 7.2016798416201935
5.148243189351307 6.465650009390566
5.638443374838967 7.1556418948530975
4.1701383600784 7.138942992389968
4.978396745429569 6.663154794992764
4.523681185234436 6.692023399737103
4.073788361690276 7.5405345281107925
5.009092547021469 7.707716308738017
5.118940481189275 6.017443994060988
5.69648581213958 7.468172394382735
4.3725018605345785 6.4977163742116035
4.084941519865676 7.821732589168748
5.447815884055019 7.050757653587416
4.35348604775726 6.853996434610593
4.789651619602372 7.578861409722199
5.440516368143886 7.478029533274494
4.67418707569551 7.252767293357143
5.624422017738793 6.677314831766952
5.3381114753997645 6.817167174037166
4.9586647690067345 6.325827672894068
4.6648993590765215 6.185616274991523
7.588319785269917 6.549473824895893
6.362061257177588 7.533993611570367
6.765738825510144 6.26153035087155
6.8767857224385756 7.408015056590451
7.523543218671211 6.258944462259179
6.888433605418874 7.847352012556257
7.119992341044549 7.172431282860849
7.254492739890173 6.191444173726589
7.478351509796976 7.555176807155749
7.361057142542089 7.831839936288098
7.6811112172526865 6.86446421722381
6.603438446502294 7.578786759414249
7.573555254173161 7.211803731508928
7.773370939263329 7.429677955108373
6.328913785239234 6.2935643316021554
6.996317919852171 6.994294784082457
7.395713987898563 6.719576633255833
7.3591494173398155 7.014085954300521
7.788037747052835 7.171277058945428
6.46427411378213 6.4459618387335995
7.142917304743056 7.426461237748065
7.612646318492388 7.711948325341988
7.056003740037344 7.708604874809128
6.720580039305244 6.673054963025013
7.029801928255561 6.357955875017821
6.629403250009566 7.046108126334
7.579433793501057 6.042452138138131
6.404857832676676 7.131427937241969
6.953503015336652 6.167389326558509
6.483221407881918 6.906983382277737
