0.5590899324960783 0.5096404453761241
0.7451609436236486 1.1064282981913751
1.4683505659464544 0.3290030022516979
1.1320641471242339 1.6583956251768621
0.3322340756841984 1.3856664146751487
1.6184391089134087 0.8291284915601256
0.15872561082670988 0.6028889195473206
0.32127962526988263 0.20921704798100338
0.7306389668417668 0.15744235462741774
0.954438289429687 1.363741259721383
0.32545392184577215 1.9044841114287936
1.2055813951898713 1.0564390229269385
1.5406484147419541 1.9265975495827818
1.3777321100988076 1.3217682773610246
0.4661660467475186 0.8353723672240048
0.7463390492999578 1.5884243534130733
0.990033576746244 1.9982940110016636
1.6630907092248222 1.1900939402673605
0.9652354628275914 0.6805144285448048
1.052652761011851 0.3136864766771179
3.9290474606513675 0.5263086505404706
3.2161377017597346 0.2901076912094802
3.343566866270516 1.1797335856145201
3.355448746025926 0.5681570028859171
2.9825259705840885 0.8382437473737288
2.5401449426849596 0.9871733569360308
2.8657016504297164 0.4523881045670932
3.8385980368810575 1.5768651013275305
2.4901855804602846 1.5881267806193395
3.716022444044241 0.8021679172967584
2.414421511905145 0.6852695148107073
2.874760313020943 1.2155239171830567
2.9474538207623278 1.6285434501683331
2.2840815198349715 1.3188310875040186
3.6989299528318007 0.21799098874486256
3.7954194352326933 1.2197362943734569
2.5135877552114314 0.3486322850905186
3.4176543466307017 1.6469377233473503
3.9990793874680515 0.9213405256729867
3.2874513952957476 0.8624647753552357
5.993091386844609 0.2733714484055181
4.696753877975211 0.6921057884815978
5.89359133260179 0.9599200092114286
4.7857340539886515 1.0566978611623858
5.645572600322245 1.7436841909827923
4.367025791167464 1.4859699118048049
4.469457870247196 0.9169115611507688
4.4353958470965695 0.2423275604327335
5.025084226620132 1.6031192302892792
4.729104785524666 1.7813734769553473
5.455486229982508 0.6914195063678243
5.2809976660548035 1.9195140545337892
5.672310205327449 0.36971226979143923
4.8922334804828465 0.23670573269031525
5.101482654881579 0.9166744138558682
4.732527193877736 1.3992807537365528
5.344276180062646 1.500035158271389
5.338614442119371 1.1810616764483977
5.206676122938669 0.2514122915933734
5.951692069862828 1.6227150514740667
7.016404380765605 1.3634932176015955
6.751436301394136 1.959460924437734
7.606704626968764 0.9275538839115485
7.027534457732174 0.5564629096762876
6.585179788621901 1.3652808816661663
7.007972044700055 1.6943765437107077
7.74799208388088 0.2600212861462008
6.233132590962057 1.000615705586815
7.413600331157037 0.6631700704619812
6.4468004117987645 1.7865052646692023
7.470555412572824 1.4724448460769213
6.784195293498856 0.3203497500745407
6.797647209548766 0.8133305403357161
7.653262928149215 1.7862536592816258
6.4785750824609005 0.6418586568417728
7.1220158625381655 0.9532150072338097
7.308133549645596 0.26545415938002126
7.129123595941303 1.9932961815008727
6.425372851691529 0.3248648247462598
7.808321934624578 0.5992577274665021
0.3590616615371729 2.8514710565027785
1.256407707945872 3.0577320202906044
1.300240716937772 2.7373609621020853
0.5721871936601859 3.3586497023843833
1.5313792055854762 3.229366621782494
1.3400595913002231 2.421439652818209
0.33732869266231846 2.529678213745188
0.848763009312993 2.9323809083417967
1.6080434401329573 3.5943661531641364
1.913841725635738 2.7400501492531335
0.9692596692569517 3.2835210154965435
0.20099004653928265 3.580881117709939
1.6195809221650745 2.6715942955888714
1.7986599517311326 2.3124127503503527
0.15525166366004095 2.1759145302542047
0.2753781159864155 3.1873535892454727
0.8705393251669591 3.6885301978220086
0.7940637489362565 2.4964911406004435
0.630595013371438 2.089124388835077
1.8902635649691304 3.7208796341232055
3.898933322316826 2.8836413208009506
2.224092895669145 2.2956177408288383
3.0001409434837254 2.9092928445022848
2.247086256008875 3.7249597309917784
2.2945336641097978 3.04564987749165
2.7104299820179407 3.6256872094431736
3.9120028507439133 2.327683566101965
3.488381851099255 3.333301475963551
3.5446638305432088 2.9730607698537677
3.091922238976059 2.5208473538620755
3.928736280726185 3.367297099625705
2.871470473296693 3.259584305369935
2.5088138517412135 2.504109968019137
3.3579573568427596 2.3226109785061984
2.0727180574987276 3.4077093461968855
3.3171441010108236 3.6161462812133975
3.4895991481906816 2.5982780657989473
2.4459203093271915 3.348655939311415
2.6007538431201733 2.96129831198317
3.999559818714096 3.706037597075417
4.229596046421674 2.7984801109764215
4.785221760043285 2.2745852935342383
4.840973367062618 3.006085078509906
5.5705630126494805 2.5037060463069283
5.511510139295025 3.529397008612717
5.607898958366742 3.831746772594056
4.597775861521001 3.8526057990660068
4.566696685723264 3.2463027050060895
4.92033379685441 2.5787367499951546
5.064044628791983 3.330388164221282
5.292083059272537 3.8090958716798005
4.999061509650829 3.8943418271382892
4.405440069066913 3.5598043580752714
4.423614530754566 2.306895156027173
5.321821781062319 2.756833418007664
5.656087333666791 2.7933063608039603
5.367338592867018 2.244333952715663
5.6480991501912 2.1106324286125253
5.586461924762569 3.1391598077564904
5.161388236491334 3.0383665909769704
6.447164904924936 2.8198056932610145
7.840416440092241 2.324561645577157
7.653162653513749 3.1767819683566296
7.15045425885847 3.120589759627527
6.734978903264295 3.058320045713688
6.515635934216074 3.6572694804145307
7.440775324458997 3.4089319602398573
6.851597827982346 2.442370390038985
7.814895619166186 3.5665472093953765
6.952302133835378 2.74678150200911
6.964897797538088 3.5343327378923055
7.574618174068332 2.7801576288039285
7.23437446961067 2.3379076605476232
7.540246495858004 3.696993096088573
6.380016112230674 3.1354124591279326
6.376011775141975 2.182772113962119
7.531773883095321 2.1341091066654005
7.27107164008481 2.661155355842951
6.68891151464623 3.4081009913549223
6.2827454461659205 2.4977789775464516
0.782724501298967 4.9011432430241095
0.8548579400958838 5.240829833570232
0.4305942907676794 5.5999761489639255
1.2056024093329962 4.978342729600135
1.9283391509163215 4.988305015570635
0.6572625161604 4.4702527338339975
1.0962533077509364 5.920816227481348
1.4762311337003373 5.5530971875340605
1.0615286132926347 5.5255111268612325
1.5080045169224425 4.916592808730946
1.74687841148988 4.637169480941453
0.39755570209345925 5.220670744644841
0.20868404806864693 4.765294216171766
0.9926128276472019 4.5599685612243634
1.9181715657014484 5.71696132567822
0.29950815321483937 5.999995115062245
0.6150274049825626 5.984415945211059
1.965105788393797 5.407396756993194
1.3180257711529024 5.288469299304959
1.9633747700928201 4.331010221154162
2.3411949007168245 5.016926859016526
3.4605574199173077 5.111671366493102
3.5228859904731094 5.559498660441697
2.3011821187785255 5.525452494771027
2.9217057412795153 4.821829735848357
3.697380099518504 4.914147269369093
2.947166172239613 4.336558852691207
2.668966564030472 4.587412675099509
2.7420569085202984 5.642147669248132
2.9533846231246743 5.2508162620023775
2.4974736394103507 4.340554209234623
3.1636625699469967 5.534365968221193
3.2534880140583438 4.280324278825988
3.370987048875362 4.671756692813124
3.7044633055095346 5.319433302849497
2.6463783113355777 5.160023342052032
2.2731873808963625 4.6229854979748755
3.5678360146763612 4.315491780181678
3.6851783115806223 4.60283441916732
3.179401238100355 5.005297510362783
5.709387256388747 5.902771908737032
5.629232285665168 4.57033992709427
4.966580762396919 4.590318627869364
4.473389302527373 4.725408068245817
5.116771247835243 5.680605060939032
5.745696903922129 5.270401746162756
5.729474436870529 4.918500160905439
4.516022076169578 5.667488256899292
5.280688994726861 4.887841454705127
4.9536685147196655 5.274618308079239
4.284986659479621 4.235831994569304
4.660957068836005 4.962667031742969
5.924859130885604 4.313805040438528
4.28325987032254 5.270848397131351
5.275397594845696 5.280731804526203
4.660368660630376 5.979660643041601
4.968374308186809 5.9647562344119684
5.400797418729697 5.977462167534849
5.139074216309287 4.19728049354481
5.790483125954766 5.606437172176431
7.7477197784826615 4.35558479750044
6.978121078355986 4.793012696992799
6.576066103471925 5.3155046449535055
7.461746529948972 5.596309023415637
7.109176525054458 5.870587774150412
7.536542970114459 4.98545996023289
7.205535546620194 4.427223789346369
7.838469175246127 5.379023492126711
6.514079796762557 5.677980732136392
6.367270746896841 4.839789437118343
6.044753203471109 4.702382734838157
6.662552259559523 4.927075660717425
6.705603586236112 5.922368961540583
6.180662336778028 5.609250556678692
6.899287253450929 5.570594484399558
6.469219238064102 4.322371408401239
6.835105162357488 4.304056049660555
7.748727538945126 5.86219240053113
6.0244519459548 5.0804597225172925
7.628727035758114 4.666540359556377
1.185264804374014 6.850269108118165
1.32219755835973 6.565278933441622
0.23871792786890111 6.830861235463203
1.8696629153930615 6.318591107753649
1.2003517080083685 7.393017866518215
0.7510881109875218 6.33637404810109
0.16266214554205094 7.279195224389744
0.721641138118206 7.670505402205063
1.3251776633194827 7.8304277085417535
1.8682039056753392 6.860328361529035
1.800421006889319 7.721401084287086
0.766671727339846 6.787346562439755
0.5097773531816931 7.389413596166396
1.507713843899584 6.966049951972162
1.966465294339565 7.457814627050569
0.3312560064473631 6.466002629635722
0.5995085768213562 7.074861289551199
0.44243861762114234 7.826815190568246
1.5017289685343136 6.250032306869644
1.6206935344089393 7.481010081372798
3.9050872351055457 6.3468355683339075
2.9570596129752955 6.8301654543598165
3.4683189568163826 7.075899820438361
2.596085955733887 6.502831713380861
2.4525640687721877 7.845283504340378
2.5095564062545987 7.107978317641596
2.9556571040469364 7.146032323505077
3.516252825223959 7.788933152537092
3.703460577873808 7.319633914826081
3.2587578428199704 6.508672007020488
3.9098364608130307 6.665908278128692
3.591796727117841 6.802181483160479
2.6642526899515913 7.600481540107532
3.0815789018390674 7.798637654808049
2.193160354758603 7.245440993915467
2.1986697000527426 6.916764457881699
2.2881513796063686 6.550963208570917
2.851820271696054 6.331717884869715
3.991127815632126 7.450384788266568
2.1505629309087553 7.739104963714253
5.657514910215275 7.074978978276967
4.367461164072107 7.069925293003104
5.079424570390838 7.151138490233623
5.305549223249058 6.913635072571895
4.559148528220922 7.389269630369398
4.500764607209592 6.452038278851321
5.612043528413491 7.385283875655198
5.673588225379181 6.602541111878499
4.360929050129569 6.136310430442527
4.658193592238916 6.732054504057913
5.3780442869319245 6.344866618726947
5.049902906977716 7.5894425166228565
5.54321617001402 7.697435897652778
5.697100435914028 6.213550419458393
4.93592838909758 6.558976080847076
4.3939430662283545 7.676560283348159
4.057140533585618 6.968407945049945
4.796775251638335 7.760121959462736
4.3147748625692905 6.704553569298339
4.774164307801674 7.150123937291182
7.014649297810109 6.621023976006871
7.385774002231486 7.751054024191808
6.747800934320512 7.443998942092258
7.627261906903291 6.393437353108288
6.339686261012616 6.484181537271197
7.0453703955028075 7.015220394493808
7.390417247656995 7.031034624342005
6.346520846011984 7.796921928731547
7.1953299966137765 7.415250035173998
7.808224556676917 6.645990609665859
7.772012858238604 7.580623281853635
6.430622262927487 6.924860526449152
6.716237453757471 6.822445537992374
7.041881928020848 6.278896828040019
6.4332614115296165 7.285722269238262
6.5451430488044995 6.24105867737097
7.428178408022379 6.073238431237444
7.755793951260137 7.04127563346323
7.312577923943078 6.703154947082773
7.029026236905464 7.741930401800446
