1.4247756938432934 3.2695763285105794
5.976056179548154 0.669681890080227
1.2712893809513917 5.620731857674503
1.2969918394474496 0.29590208114305394
3.358159746530128 2.943464375642118
5.003848967686913 4.636353410917147
3.6775425724026816 4.682085425644917
0.801908436263381 0.7367002414676174
5.679890374171826 5.308530050869802
5.9059172521999574 1.156062200671653
4.207737706782199 1.1468832106518878
4.735344662108282 2.66610385047359
2.083811187971879 2.803866252069973
4.578583681260191 3.1255619788969122
7.122933764145805 1.4383207060477465
3.259398153606444 3.3959145749035473
7.019561738327151 1.2163274810179692
2.5631575275564673 7.485209097291508
5.701841769660678 5.018271137002226
6.841773266659556 3.1763284217626184
