1.3730361619773201 1.4728457476937749
1.5111989132292412 1.4619651097304267
0.5322316087452645 1.3328657679987064
0.16583156999814763 0.6211748789185785
0.3672472058801677 1.214949155782071
0.9253107559284139 1.3707569053202464
1.6498533169709446 1.2233431807605202
0.3435371138356138 1.4455447082470119
1.5986454499953824 1.6818840475633468
0.9581047353077519 1.4704823312711015
1.2215996574400445 0.9259289464405973
0.8775427500857371 1.1384813408181298
1.0057563865234411 1.1019079119373412
0.6712466220924254 1.8170594139707734
1.2879823269642035 1.0712668585473986
1.6086649324074476 0.32445843345979375
1.037364434449877 1.3260673308694737
0.7017542852691869 1.6776182333782104
0.35563229568935495 1.4566549944534004
1.4238542041547162 0.7787022439417959
3.791431097258431 1.1793187023651737
2.517937605773275 0.8102369821544948
3.2929091155751595 1.4173411001736675
3.129912995718958 1.6828201940472616
3.8605526719927035 1.0973353324164496
2.3662176570092672 0.2659421293456017
3.33987720729015 1.4910287682590175
2.628778081453114 0.18671528051809694
3.3909245202358225 0.7076543048423878
3.7553805556143085 1.199271053737054
2.277233142003883 0.2777289997174359
3.2039667276751373 1.676914361925322
3.2553783596709076 1.5858818505072734
3.1423000767471536 1.5357430986531213
3.1399720168745686 0.1562294095631589
2.5282381863152508 1.3265979580704599
3.2627517743823935 0.43406967366603655
2.690193334130398 1.1165439198530054
2.963792396433512 0.956032217417575
3.157563611987288 1.6678314531869873
5.987621093891072 0.9410009990195431
4.622827397523674 0.1520410726334942
4.2658624329861805 1.3028959397439683
5.001991709391309 0.9942712203425683
5.288232108522822 1.7208359765964854
5.813820069751854 0.8889005133688075
5.938213786254795 0.9267120754393001
5.412389428251211 0.4005421901398738
5.645036512123621 0.8064902136001617
4.083962408793429 1.210152302463898
5.244007914235221 0.9635927156612409
4.731031887004264 1.6079603320666218
4.039204051118565 1.1907417146430468
4.228315072608208 1.1252979452970624
5.563743829470882 0.9591498472958511
5.190196413753355 1.2578623209712894
4.393255855127538 1.494656965954562
5.005812201266849 1.149884030745158
5.688656210496919 0.4826368256111697
5.027497610242048 1.6868501167980738
7.293275679704536 1.0389507416281436
6.674836131507381 0.16651579109038295
6.543557291562696 1.7423229272324052
6.136488543016431 1.7017622848617018
6.715389286635471 1.206040539496095
7.588179952312554 1.24187206041797
7.353067421131002 1.0058443104033905
7.621150553420785 0.4444050304173104
6.851795774263121 0.8548905025988038
7.772366443514782 1.2908786396160485
6.580796815955551 1.6840573992859198
7.539825424143733 1.330268906807058
6.150046305749948 0.60159323598166
7.7818340421226715 1.5490998458969416
7.694596468937017 1.007822589629319
7.2550461657727805 0.17232121401509826
6.4717688394309825 1.3885585502789064
6.874911054951595 1.1886458180892794
6.537373712954578 1.1258779294772532
7.439159745130679 1.7468932366225136
0.4143330001481689 2.948830260835339
1.3768662906786686 3.3865960408788083
1.500737331024137 2.1818834274010896
1.0691874488499573 3.3419928696831214
0.8337865913673816 3.654413376425646
0.9635646372108968 3.5530989559451607
0.41554646652067007 2.183401973312648
0.9991744450578628 2.5848634997839834
1.0179003526912322 2.062979082214362
0.7628479706138249 2.1182329300019855
0.2221366958845583 3.6341448703187753
1.3680798674036587 3.409844120515574
0.22794669309046278 2.1884537581869417
1.5652225020422272 3.5891245729450265
1.9903758731826922 3.5493433729510926
0.9097393535494074 2.678566345566557
0.5103061138364064 3.536220864334493
1.097854631727958 3.3069317119750785
0.6166816324100302 3.658851325727465
0.42771172003470803 3.3531060019610055
3.4710750120780234 2.766201926219928
2.765315785250018 2.554460180722451
3.8466709809584483 2.6438260029654916
3.83767824786797 2.5968359764580797
3.1120899684988164 3.5117018538998854
2.3231467887117043 2.786264810083851
3.789068971557173 3.530090178771543
2.576283529831535 2.3395066394233113
3.3742483222243793 3.218566629046982
2.019642216189478 2.8572014841258184
3.7666591783092693 2.305232007456489
3.6881838724469143 2.5680662875653093
3.53022036879247 2.845933829658916
3.4612440778205733 2.4346929238981962
3.3719205102275547 2.51259292850718
3.9498293074249915 3.0234624973810478
2.7941431873178164 3.0361068206020665
3.4177778403084393 2.3842063690089814
2.964356442016821 3.466904069023916
2.1225551885631253 3.331009759233152
4.808337705465771 3.365382102009657
4.739336737819849 3.546805993942201
4.8766940603525235 3.7210637178453783
4.498346727226141 3.292279109070156
5.386271091667448 3.657228093286797
4.425928150472833 2.2034023792042037
4.339560292531933 3.2329378714830055
5.669653417814678 3.8780442124440477
4.127658711155077 2.603058115585871
4.998728145397451 3.9936501145843057
4.883276522734971 2.036136572966784
4.380607637915433 3.758920207837301
5.405331356011621 2.800779052341308
4.2364020351970115 3.2617585102751607
5.157168681917057 2.9405843960211815
4.7850292244513355 3.3217858590464187
4.287627638558098 3.2471827958553616
4.939830016810774 3.540938626643939
4.201869661777344 3.424701808981749
4.970367510673279 3.6211867714111907
7.7952450790255545 2.9367680208348137
6.6781072179260885 2.4985588708438504
7.474029844426063 2.5264222440875637
6.694539105942872 2.651492004046064
7.1825046762623925 2.5232103061511015
6.5648947564628 3.6063506296805654
6.885094104315466 3.1557032644060863
7.811162625967336 2.573432107238033
7.597776363145707 3.017066545853066
6.555294259274462 2.1526667562910706
6.450593703998354 3.013263941852541
6.789672919284922 3.3074057153866083
7.159303154834818 3.53195926473859
7.503787021172023 2.452074283655411
6.713851714639335 3.5734213846923475
6.327913851445311 3.146867208907424
7.802116074030235 2.0394279532221598
7.554428965614733 2.217802025942123
6.484848394636057 3.645227037387297
7.633761685032162 3.0780633861340614
1.1665312930074232 4.6170620229054595
0.47424813904669905 5.557218157318594
0.610286180374116 5.331206123296055
1.705259984447632 5.920058151981957
1.0373284638965916 5.7306143654376145
0.5858450046535679 5.114577449460599
0.903829615128193 5.661716436262996
0.3123498092032131 5.1180683911384515
0.3512209845129646 5.279538742464681
0.8139557940487987 5.740925657276902
1.2962067141606537 4.862932968596661
1.630054820260912 4.821506927136634
1.0603713060391728 5.936996659744249
0.805473964561259 5.069112903217448
1.8411832847718819 5.435428638297139
1.2126348561308895 5.225033523978607
1.024853750947424 4.31231428441099
1.4120285477065222 5.415210909861541
0.4058515825413318 4.713513135571704
1.8665618362527114 5.344095855895229
3.2902351145221234 5.626857514990394
3.7186456085472197 5.4199213640866635
3.428065601811819 4.463751548078154
2.243773419949451 4.541641456399496
3.7123132020970573 4.741724010748589
3.4612517747026654 4.664587546731996
2.099908081481505 5.5671353820266924
2.61427145424822 4.344703821864277
2.5565934669315986 4.509657383676098
2.672200758845155 5.557469713174402
2.6878164345552804 5.2322589994429105
2.3791516390577145 4.886127765486594
2.01360475322945 4.319103646408401
2.6730355624131072 5.570454228457017
2.7540802737984666 4.529038678213921
2.0669619991870847 4.869145096731171
3.341836427665293 4.560199404671486
2.417334514094984 5.130586250048947
3.2938592881396613 4.384162469115698
2.3499718159613754 4.853592766346107
4.769819174045082 5.420072226833351
4.463228726569602 4.075290950752139
5.203459275367388 5.457970882626707
4.462571803829476 5.934037933388771
4.690847260857535 4.69813681493822
5.304792140033187 5.414631433511181
5.240143625470227 5.009869732742592
5.262382965998775 5.526737833630324
5.880970334752182 4.359411302106667
5.55714665495533 4.23269007025565
5.053259972478658 4.651736314983356
4.9044253867364125 5.1717944551821144
4.8505134279262165 5.3523269931462085
4.5765826064326784 5.6129439819822124
5.29713466386275 4.165854154201189
5.425908677019637 5.800006406429599
5.18455175425742 4.213223335380329
5.904307811129835 5.318145599315738
4.684619951938463 5.093182286583379
5.050113649160275 4.760813781982152
7.659365501451911 4.990957218283427
6.440361786370998 5.400817826934201
6.563430769028882 5.314031146511869
6.630651467119692 5.940253340625379
6.900674284993154 4.299111065484719
7.748326550108185 5.865900551654918
6.448320991933002 4.978264360486895
6.735159146914327 4.423980702400159
7.557450943654408 5.190271309431831
6.842982121843955 4.466500240557458
6.917723518283512 4.508146828354011
6.713172620628053 5.046436582764727
6.574476656364282 4.408532161729636
7.130766467777457 5.5727966777613736
6.494831907709145 4.3494094249202915
6.503943604999024 5.682611739101651
6.798907833734337 5.674949035135192
7.345978149956732 5.066968777047655
6.775123561924222 4.296033867524502
6.316190918537445 4.559301985770544
0.38688669731546943 6.302821618561776
0.7051020214789445 7.6493311366508525
1.6886519933281454 7.805934565770608
0.3986601980645579 7.7638258973080605
0.5207370330077492 7.782755397420513
1.9165401177639556 7.097347871262564
1.608531288236511 6.877784761571645
0.5091144489423913 7.472942562196056
0.9799493798719412 6.25238543678546
1.103782756719155 7.213231908820749
1.679958222461461 7.203761459553849
1.4539578053231699 7.056707818990873
0.7382117228397398 6.219509833010795
1.9205516446703927 7.610078544009051
0.41891728797345706 7.599300949398287
1.8141425920916188 7.591616502734879
0.745722458687023 7.490541901488442
0.40478930956639236 7.630029904216156
1.2087150128268866 7.39861291236814
0.8267228859605869 7.567322193391763
2.793263314001318 6.355665700734606
2.376070644815694 6.878652416590513
2.899982127753449 7.477726558037043
3.004740528389152 6.712619641524954
2.156441748921971 6.727136753840646
2.658792289932136 7.323534195114495
3.5920171467337534 7.2235313259753715
3.3436138774501116 6.856540482970059
2.609237236974292 6.793711629765181
2.8770046395967848 7.109748969924722
2.5643713445030127 7.7653290141759035
2.878384607733108 7.364534508495723
2.388626083644043 7.390837600227986
3.6377542875991637 7.468536517009896
2.7484953164886634 7.715041501074948
3.9092629012889457 7.088027322512712
3.536271559443863 7.535312051958853
3.517287346136105 6.430389831892373
3.461882503945925 6.7213737053589195
3.9765184702555665 7.5072827806552
4.901111138120342 6.821667913734558
5.401842455550591 6.02841869496881
5.0242659464010995 6.163142657440719
5.383183208536477 6.946135447502188
4.849321016189467 6.744169050806191
5.57702796001697 7.574278532263857
4.031663767446542 6.919307945180695
4.327682286548065 7.666880506529188
4.019766386363273 7.530337981877855
4.660568967407235 7.031418612676472
4.316516876996965 7.423701378691753
4.97682805112942 6.26529958632298
4.308885031455656 6.804401565522763
5.496991541419487 7.657930214253068
5.515887168496348 6.830037447630035
4.287939610951453 6.868800369081962
5.3553485099424805 6.337990294587467
5.139842109612571 7.251046319384774
4.778051445278462 7.201781568222846
5.722263823172449 6.4988813390844555
6.5070427353534 7.807957732691231
6.98720119129137 6.139242667662634
7.464712468302585 6.67409350767302
6.490191827652769 6.621420607864359
7.381243639285084 6.6582061638278285
7.608471168109755 6.405017157786169
7.196668147147417 7.458668380423081
7.788096382150812 6.724600574696085
7.79619537804112 6.2357827206381575
6.46795567674077 7.320034506458604
6.963909461682339 7.127018987734795
7.1081708166324535 7.390268083392563
6.85755166542818 7.064092334228408
6.669292606101315 6.157353510867179
7.65850486069708 6.212549408907879
7.740305381483586 6.690006800641925
6.946236187246871 6.635706823076896
7.632536847905853 6.108347799212731
7.751911546829195 7.793189593952489
6.312337483916453 7.301673855366423
