1.4896439752132276 0.2265971526061017
0.7564179403234905 1.8038425746697568
1.35499409753153 1.0582272323300232
0.44540549683990394 0.19707267750208013
0.838328750037896 0.46325568626269154
1.668583383777813 1.7397098619179852
0.8774323563997446 1.1473588313674086
1.4653781275245021 1.6401382226196342
0.3923884545589096 1.4150281329784429
0.49448727078099797 0.9675963062678641
1.7143026488397397 1.831814173261331
0.6231353539506459 1.5569041277119684
0.9910253314002668 1.427515216005726
1.6264929853067314 0.7654496621659184
0.41083251728898085 1.9237666585473203
2.297172983589442 1.7083903942573606
2.722005774235626 1.5740364644154539
2.3253667738156025 0.22808342171631124
2.389667452799943 0.6410524607254591
2.467726563354969 0.6639364081040371
3.3676939742061864 0.6059482004237169
3.379196629976247 1.6355819373780325
3.6443604312889932 0.925457998142964
2.993978477161007 1.565967280156277
3.2591440837417553 1.0302408636817517
2.69390019382985 1.5303077318328346
2.6418016920056147 0.5469288506219714
3.315309765331682 0.4341335008018916
3.0992316809858136 0.5243574407457168
3.900209957813173 1.4853769020632495
5.365192383724249 1.2289253292702336
5.37129350382743 1.6176958173072769
4.659554977976973 0.87101576679194
5.713318456361032 0.7927012611918702
5.882881464383721 0.7045124715173696
5.037569160178223 0.8111620610590538
4.983855787781077 1.875092138692744
4.011095775706719 0.6647330364906492
4.794772112899811 0.7402641183146783
4.2935568648316735 0.800501279837531
5.249875593313369 0.2676414713709918
4.957539812619335 1.8574901126595749
5.338032179085038 0.9187018557686839
5.109565418094817 1.7235741939319689
5.333964316857656 0.6241441284716893
6.814081399519824 0.5800237963907009
6.66229120561683 0.913274806411126
6.059869821723467 0.8486954087718841
6.661532812171452 1.7684779219170965
7.722307268906038 1.2759378840316893
6.472068761230849 0.27602543424762604
6.270354426381419 1.084832578203724
7.599447658857015 0.6218761630741161
6.549184975705339 1.405506516480409
7.743888832631047 0.6061400416342768
6.305519774218275 1.441304923403095
7.140719374017198 0.5862864426747099
6.270371174550169 1.834916335269324
7.596185141472436 1.7176948311832134
7.727272597033098 1.8804122902686864
0.49533971657116305 3.228689060879879
0.917570706767703 3.369570396210338
0.454906830243458 3.485825622286745
1.0491548369966779 2.806646686753136
0.167498248916907 2.2202572141433814
0.7876382247756828 2.1579016419954113
0.8058427270397832 2.1657883592766938
0.5592754864588962 3.08142984713903
1.085881232913525 2.5240760441500467
0.7785903588750538 3.4647663002180265
1.6249170838064741 3.5046714427937813
0.35647166990472856 2.7752235442527855
1.3631255643414306 2.111460625774888
1.9984825322457864 3.521851090445823
1.1788735221739166 2.744355513801116
2.0151926080977134 2.4675103548114574
2.1222195064622458 3.0904489082448237
2.742181673626045 3.2186845226191942
3.2250411772291083 2.853486541294203
2.210721343504341 2.743420088391891
2.862309291378252 3.6818563742381865
3.7983063172199723 2.482883881160684
2.2459065827216937 3.4589549715687635
3.7046341441914032 2.822066339014338
3.0889150611758405 2.8875968224561515
3.1312711010923424 3.722565701415683
2.0780238642700457 3.1957677140921916
2.243003383073659 3.3536821113298165
3.907103219788439 2.8673211062372763
2.79553098493943 3.370154204993236
4.989035787062658 2.0156460481885174
5.7015587354532915 2.4128444532995004
4.7882345615940896 3.5540449798904516
4.659139575272258 3.792394090210717
5.124702004160458 2.973048763795213
5.383775067961984 3.118776795956629
5.358751454828405 2.270908738458974
4.693502457527712 2.061803784763419
4.713593725605529 3.5963152106507987
5.523234109375161 2.372455098044948
4.276420193858041 2.776522636025229
4.848944145179951 2.72400697259498
5.016699824776458 2.017091560092658
5.001689067188633 2.9679316270244467
4.342495681138804 3.4189967112308683
7.003122403104438 3.685992941464068
6.86014012793245 2.888342980167142
7.742200102285557 3.0259114602895556
7.726176551322599 2.946775476507326
7.411193805120971 2.0298953131349955
7.3312522122149115 2.3974471028332034
6.534294772241496 3.346925557538407
6.61554749958531 2.788511030522886
7.464618927573496 3.3108630465232247
7.697991633501018 2.3696806067272753
6.445921225210331 3.71192710467373
7.1097103598817215 2.8527048425417756
7.009229056340607 2.1516798363217093
6.541502866218945 2.326726018169786
6.393666646677957 2.518849665679557
1.89306519027826 4.645286244380275
1.129737938712205 4.6512870135313085
1.127424622639541 5.155261938899833
0.16495240591350901 5.083913752520452
1.8271221455951276 4.939247128227461
1.7974146492795728 5.736522009878018
1.5868663462735186 5.169433781247722
1.6172400405266987 5.700670876510139
0.7131424179183141 4.919559978463771
0.44068414519678334 4.3025715371679905
1.2556679695256872 5.638888500370291
1.287805280300871 4.913349818580324
1.565626094854861 5.219876581796275
0.6875564410094392 5.086099468338803
0.17882124500026686 4.908951540876341
2.0731951829860353 4.672171997996345
3.544545380785827 5.296799253246905
3.5366323895808285 5.350925813856302
2.3426633605884377 4.876283430761404
2.285253052001261 5.190865805894209
2.5175533848486693 4.37938714827539
3.638430692475631 4.561135331628738
2.266757206230567 5.677532279400262
3.2250733773735414 5.240332037860313
3.6106291355497975 4.703514449395697
2.0060207888053796 5.094433985788426
3.308627282291082 4.486404177799456
3.525857899724876 5.6096017833804845
3.335802075627443 4.447971834971568
3.644017701938348 4.442433799109897
4.69561970889318 4.07172689433787
5.291800233154929 5.213999618219733
5.973479571119923 5.266607956646618
5.246600092196268 4.550572092047458
5.678792617128167 5.559040929420508
4.786951929455543 4.9531808671559565
4.3353724445262545 5.310333283569315
4.741063594047755 5.564607585552548
5.255292001760663 4.562208469382006
4.724414924765375 4.525275150720754
4.677422773569716 5.5808447396627106
4.914327308333117 5.608368259622203
5.598098812006709 4.371777920406355
4.898450443420481 5.027227760468083
5.381960110155276 5.4589457624102
7.08399595573252 4.340622768184768
6.36274484963541 4.907441505641119
6.955974476640238 5.8279522814027915
6.421578693531923 5.96708469143388
6.3363759571307074 5.4309132851032365
7.090937626779489 4.991751200451228
6.674029347801108 5.731865145207903
7.211281078252683 4.427486883499458
6.92519740943706 4.637205633305486
6.195523214177263 4.98212211933123
7.610065633388354 4.976144384774216
6.85725118638406 5.759266310600082
6.939990127797669 4.997931699634911
6.218728934379433 4.906701651401149
6.288834272691572 4.662285403058367
0.25801174384836556 6.014860971467118
1.3305893891458629 7.605865275660271
0.5425177881310088 6.5277233767200045
1.3232729768216096 7.46246223148424
1.2189326338335753 6.384726258728664
0.8052801908091105 6.294385004002199
1.3089390371505167 7.716774636394849
1.719160951794837 6.880813839920469
1.899756399805507 7.742691235795704
0.31662584617302536 7.690374470154396
0.5675668470590327 6.185678360768912
0.42543448827550323 6.101328419950045
1.6948688983466609 6.678884373491224
1.4883731397126265 7.808108690898054
0.5793582073077159 7.6949778342892845
3.0361245824694354 6.481771082924661
2.7730302426196554 7.6189029860300135
3.0498384312159788 6.487086884171246
2.110373568231603 7.754954598939416
3.099250465456788 6.907213235853674
2.9169995719898267 7.735249727533262
3.831305753967017 7.183922755552068
2.620710066842576 7.4953249404346876
2.934403780551203 6.329397232020407
2.9599953163915935 7.402893433182751
2.452372059272302 6.446465086587158
2.2001506071909365 6.7919875495752144
3.2082774433794734 6.492382113517394
2.8800539350523877 6.839605701544734
3.7657758654951397 7.237386876925202
4.460020899179079 6.2580066061372515
4.898470227484282 6.5577464404180095
5.138436090109769 7.597754264576354
4.9391138108714445 7.616602257981849
5.451618985460129 7.172453065184625
4.563983156068882 7.347403707332075
4.822523355137341 7.242015016558174
4.138547273125684 7.08466031271221
5.004254150860845 6.45931381941542
5.336086975383704 6.212167936341048
4.879923922398316 6.5344199967252115
4.953359132155982 7.033643773406765
4.354286504699878 7.141302370826564
4.3942576379252385 7.46721950214262
4.027334273545938 6.791754125731052
7.68990267805448 6.718146999379833
6.893855092991065 6.942690882833698
7.087079500141563 6.026189772625683
6.772913767305909 6.764648579244842
6.608248778913171 7.305771993108873
6.80488080799102 7.002720784162666
6.33793754917631 7.221255829217415
6.808946508230643 6.711401100877726
7.694766375336011 6.970828910041228
6.567296224372676 6.027807736093375
7.488446346193926 6.5872982123684025
6.425715017746459 6.899890312051265
7.331663287724955 6.166426369760547
6.996788001597562 6.136504107843917
6.735547427638085 7.276028395769094
