0.2627410300626394 1.3584060717699746
1.1086761744021507 1.2374857185441703
1.2013956567142738 1.6179221603079212
0.8204154087774771 1.4004221906700303
1.4328858062424417 1.8336164371704466
0.6841907627458792 1.5477756763181183
1.5855713326365488 0.3761045313390392
0.6115476860307583 0.3514242950086697
0.3594373579803043 0.9952928324824017
0.37992253881692273 1.030901791307134
0.2922310953278848 0.9149232104600329
1.1511346269362777 0.6809390457692761
0.7575386462755831 1.089244893381889
0.5051233703859184 0.43010945768013964
0.9081400910391886 1.5621474872951202
1.0460738656748618 1.9622796454995073
0.27183753448269066 0.5498720977948863
1.7106848237940062 0.5803724810161439
1.3777863466657554 0.4225535109526195
1.039854512110987 1.2725459075558028
1.3791110152983246 0.25913936105226054
1.0522073216386094 0.23697660464406112
1.3586385729129598 0.6316911896098758
0.7284125296139394 1.3001963391664955
1.0097494144858363 1.9583528680084308
2.6826671579842767 1.5127983008119332
2.686302621915197 1.7235129691143647
2.6790373325119052 1.2698048527695753
3.779108353194135 1.6150669488399454
3.4656465021984535 0.9205975859802829
3.8333609291380855 0.6327714098715376
3.048328274949106 1.254537487282684
3.0427137276757494 1.1231403639506614
2.732083095419574 1.4732002743440904
3.765450937983473 1.6196729627176751
3.6037981619206914 0.9620794497953193
3.1731369241845404 0.5176252444714105
2.510967119409062 1.1410798095949033
3.8505009765514977 1.5925319082645124
2.8196506319988512 0.7018260588556875
3.022445406499924 0.5936643684687868
3.634192079521387 0.28678509363286464
2.5162596119339584 0.718501029601794
2.319128616673649 1.3651404137014516
2.9498173474110376 0.2739450329436597
2.6502485167129235 1.581380960645937
2.286336384304647 1.724316080092917
2.9771583262409136 0.7263755304943771
2.8510146221527566 0.5123489611260137
2.545981343168863 0.6419558516177242
4.856736854744284 0.4134083480343045
5.931433080509102 0.6364132390519617
4.436466855720486 1.3457878016562452
4.964626572524789 1.410225366648243
5.385869445108436 1.1271586766613486
5.604378510517602 1.9244157543587763
5.759980831731493 1.0453530287261543
5.63251768729177 0.4183357606611686
4.325176813190693 0.5272043983678205
5.515729406226151 0.6696992519393195
4.9362649542350345 1.1013472459117892
4.678834428284147 0.7470035588339747
5.396602345558634 0.7073407428011846
5.455199198774742 0.6751841910495027
5.968621439465068 0.1964147413697015
5.429932848725073 1.3197595788568224
4.828796756557096 0.5414087624275874
5.782344332680573 1.1201343551020768
4.038949069644914 0.7914272836119896
4.983757990820917 1.8116549542135756
5.817936320090505 1.1669492098461114
5.5471241239510825 1.543118572359586
4.55786358745819 0.8330011169872695
5.289638275689881 1.968258883739481
4.799754146182129 0.6898518915833503
6.607969494633842 0.6983545535628857
7.4158151322841075 0.6313092363282662
6.325109431905203 0.5295957382094763
7.577448945376292 0.8942444937258665
7.390053019650489 1.8757297055227493
7.557994797992365 1.6196857693252869
6.418157251241742 1.7659390428504311
7.623945963895663 1.2507233169475964
7.062331274267123 0.785714907632842
6.3308539296984305 1.2665140123671887
6.875559493050174 1.753234521866337
7.149024933103505 1.6458603762182524
6.461953231650315 1.6774850062246185
6.871550496669112 0.8226076357937353
6.306123604507109 0.4386028902643264
6.776039748253602 1.7829638316310898
7.731830662154446 0.5423609969398255
6.6779912816728455 0.48534644174311525
7.824750990166785 1.090255250878633
6.484681315138987 0.39577737795769474
7.681698203816803 1.0392023018833758
6.029985350830996 0.84704380080812
7.473748163607409 1.1399262406404878
6.150121006236141 1.083756744746061
7.224476379694153 0.9735635931767692
0.6740125472403016 2.3681102675054526
1.2655873954094754 2.8723503783461632
0.8535466059598553 2.174070777815447
1.2206099211659394 2.9253345374733004
0.6153171604603207 2.520509493261561
0.30558869749285456 2.667154842063656
0.3178779663489102 2.5015061832517786
1.1238180699135074 2.5363003680052554
0.9197660589579653 2.6285404585562357
0.8399717857425884 3.039433742922791
0.3053077977729999 2.59071155962389
1.5782241843954656 3.4979717429745483
1.8062789847658376 2.6886954343142833
1.8529669673534381 2.7722706931413095
0.27973383862994106 2.91697908127877
0.7113604316903015 3.5567111016227937
1.458406826847621 3.375805148716018
1.7667210964155633 2.6558656297505516
1.515501542942934 2.677847166421081
1.4764642361060158 2.462489737273464
0.9259379796076248 3.3468203739204117
1.6348110089560446 3.1685679067094803
1.7684340790922755 3.1773767877674866
0.9650565833572271 2.817386663502706
0.3678119607569932 3.1386802677327554
3.727355152403319 2.407243330205373
2.2614536119992232 2.453003293763663
3.567817131797993 3.6743551639945693
3.0673454770236974 3.640957748505242
2.813145649615505 3.4890181585370335
3.064704438326757 3.6544768356420194
2.598184421179499 2.831456267346699
3.879757280838752 3.448509422835655
2.30687740088793 2.2966161581034026
3.3541855318901614 3.432500046658829
2.490881002255458 2.823151521866279
2.5072655969982307 2.6963266360292413
2.5307858956352245 2.6291557013434828
2.721934583009888 2.6825179320273778
2.434001599115403 2.3506023706422834
2.8063833686631083 3.1253350357839604
3.9956498203577673 2.3224040380215643
3.0046096215458453 3.1480655091632426
3.08249410415594 2.947700471237352
3.1467784394171074 3.421940268607246
3.617540645299619 2.485627040838396
3.76482274985971 3.3414485043372757
2.451432042288004 2.646130763401543
2.5640311427412854 3.520959578328527
3.1624147741925563 2.6813738275470858
5.00153249578818 2.0162719546456946
5.28794415100022 2.061415091762451
4.811470246449307 2.974885652386071
4.376221379245932 2.7006692655428823
4.407361530957149 3.1113866783152515
4.37641636670863 2.7724356987286325
5.6701787516887485 3.0373599998551297
4.816916456796563 2.5957917614169665
5.717128304132399 3.7818255407100745
5.161534065702813 3.04299839546323
5.02109406871722 2.4690723381884547
5.134480807636116 3.8632568424728797
5.366838360631787 2.0844749826318765
5.433630199753422 2.7253881298295837
5.446689860937305 3.254994693886363
4.667363848298584 3.5808601886010045
4.860549055796979 3.9108686420716507
4.83601510689467 3.4167542463306946
4.610134376913189 3.437914085864228
5.430508807557164 2.9097340289834266
5.249485432901851 3.0064827577564888
4.465668879205518 3.3902647983458296
5.480804055373749 3.62060509333207
4.629423290580473 3.5273328720566015
4.404205950492048 3.4351117336329575
6.7992836933836305 2.239114745548364
7.66616229290354 2.1076436194978596
6.560177440236279 3.200233024856198
6.471916378386887 3.674904214729877
6.499998914625594 3.295159159134042
6.332307455530261 2.4768886020005594
7.137329710842585 2.2477654582767634
7.454624653899026 3.4106228067511166
7.713488246653414 3.5216130461775683
7.4677939121878225 3.0400529830449097
7.578480711592916 3.250460995780598
7.586419451646856 3.2517257567972004
6.822650103050555 2.9895544422467175
6.838348641974001 2.466930857355912
7.390465049751027 2.280916185075767
6.671842490922275 2.2829037687384965
7.735416906387745 3.535967397014414
7.840040871007741 3.1647273981650663
6.998347919609854 3.307833708896871
6.586620802689737 2.2366974432366264
7.168696414237666 3.412362851470726
6.828390691567887 3.3365379182363095
6.784822330661582 3.6625163376973533
6.553063154097351 2.900012297139736
7.089732179474617 3.558664671003819
1.7157398201085428 4.6043604830462606
1.4100259658395122 5.685670012885894
0.5993099482955653 4.910466616471271
1.4278805529276506 5.638250683386898
1.066809026732604 4.679350681191138
1.0914800469279906 4.383045781696781
1.3690933710206203 4.83075800506386
1.8966061512342027 4.764874646348856
0.7795495021868795 4.952041175446432
1.928647525746978 4.725839197029542
1.7984760263633361 5.387122376001442
1.0567682389146629 5.688402344167539
0.9320721259763731 5.983294993335274
1.5177871117626764 5.786286909217464
0.5303402522178045 4.501820281460715
0.1702609282064511 5.296110765660105
1.760985192371494 4.360365143554743
1.6084393490383688 4.71196376978367
0.9160172783958573 5.184425369500687
0.3263117862021352 4.462370795287148
0.6468251487823866 4.9452790443126435
0.43149374964806175 4.322939301446741
1.1823520229773712 4.648144944259303
0.4338769180872528 5.058221811667529
1.531141540005604 4.719403366732095
2.0212796398089545 5.134634157518403
2.2464053481163893 4.546971941128421
3.243525017584439 4.925965905470524
2.2394727854744056 4.732541152438712
2.9965922457957967 4.903181047965472
2.09955672707353 5.347311015485152
3.1046767483899247 4.985937863770439
3.1902517910793824 4.573771408280834
3.5423246342113375 5.423024867447838
3.4523023963585855 5.155928118289776
2.250355959032777 4.501213009709975
3.278718577554223 4.598799200968043
2.311830002403677 5.550572826015567
2.206092605627989 5.152083930793644
3.226873621005312 4.353427976249874
2.955489911588137 4.680485377122547
2.7668768111999125 4.969232414696666
2.9361466421093416 4.415555180018152
3.279824630578294 5.291366081964771
2.7444343031194975 4.375842405734163
2.351896848600502 5.213617480262213
2.7557244711489575 5.212795712932112
2.005886734874531 4.286402933741453
2.7331457763216895 4.564074880184629
3.2155251379003165 4.853524718552914
5.441198201454091 4.623163725971841
5.322969697791306 4.290622395957312
5.916552473654338 4.655147689664347
5.446838826920449 5.657192352368578
5.414755559452377 4.0416345113732355
5.744193978246361 5.230315368611953
4.766150867920022 5.0528565465487105
4.827388007545155 4.546800195345484
5.682901406615718 5.018139864312152
5.269892041478814 5.427542848233463
5.289518107289912 4.379943187566394
4.758155602261752 5.269478974608127
4.865273595453861 5.120733062956825
5.181123606259441 5.829772680900495
5.404369461502066 4.143904711743812
5.06559042666065 5.335410401522418
5.091532782261854 5.704331241379918
4.818561855323482 4.2586686395679525
5.9317151773854375 5.714036771442418
5.748382530652512 4.7400813149420085
4.399973953716136 5.7777606261907355
4.66582837001244 4.765249676503223
4.6257713050620755 5.725281981479223
4.872788580345642 5.409795499811074
4.551726778975187 4.560431660073254
6.071063586835858 4.85269865704055
7.233417213774208 4.847874564240616
6.360224177169356 5.368896388115051
7.591604380296607 5.221236300959791
6.081110921934222 4.467191152305777
6.6422869751747555 4.513548707300087
6.344539278660855 4.481628526059366
6.6666126233633864 4.578986988275271
7.686687802148079 4.332871420794316
6.553928833129913 4.795686064002408
7.724027488767232 5.304512995011285
7.011083145932899 4.58499870675721
6.731035575178403 5.114432667936564
6.850583539337434 4.749855247383138
7.26118388903178 5.05207467175676
6.265922574981908 5.478679620562055
6.293460702087033 5.525507007465114
7.591215228327837 5.420282380594957
6.480694720165179 5.88746619226438
6.232421139764042 5.1841050509907
6.468459321830164 4.974903123269321
6.6901959627212575 5.654897654680457
6.26070708410713 4.335058296504704
7.676338383012086 5.418270084880515
7.188413547518714 5.115238187768433
0.7292745224566877 7.842644334999585
1.7874305071078258 6.871547166398047
1.741996745168533 6.297575064419926
1.1112951319341604 7.383262126367149
0.30829029956555054 6.877718246012813
1.5628833096117665 6.821744076578241
0.36035191683474754 6.747187721319215
1.1490535233055168 6.59744624290147
0.6274100139297512 6.194307107991276
1.0176219505640018 6.110933451606616
1.6314574852328318 6.4370798477878095
0.9142282874011605 7.545014585859378
0.6564620144279525 6.7546126868277465
0.2852437933719585 6.478116813696161
0.663252649978398 6.264149133637132
0.45096742781450794 6.613780828426435
1.5113214950536729 7.511182315151251
1.5445586716096713 6.503306173795876
1.5444544671436569 7.073323587164544
0.7669866423024232 6.325639081424837
1.202096716658481 6.71095374395331
1.57090280254745 6.976285023594257
0.3911265602549967 6.844500516539668
1.053656418016281 7.382686255920879
1.1771373850398046 7.409023253640669
2.05032151356914 7.269242356966207
2.687162048612946 7.071103799698027
3.2047276099916506 6.527691000862182
2.767072444333973 7.8454962426379256
3.5431004869178775 7.806224198869841
2.1605063333190437 6.358364767202443
2.0080433388329277 7.641271289979328
3.584435440034606 6.349202286794915
2.6511153446339613 6.995837216409132
3.031884049288415 6.768982341435938
2.577310827507424 7.553661186518129
2.147902940179205 6.709889387997675
2.71723889667663 7.185699350135783
3.265209933904794 7.6418739168576035
3.632361305508791 6.42926383426299
2.679111879737155 6.57308225470408
2.2050525214221404 6.616168936494373
2.587444702368586 6.57483309610604
3.545635291122558 6.450071755507472
3.309707598622624 7.572115376435598
2.1603737808553243 7.107593617878964
3.8966950398919784 6.839775842101277
3.475679910768111 6.6158969457887675
2.977682592423406 7.138148059739658
2.519221392817934 7.207206050919556
4.456088564021024 7.025051486424267
4.254666954035038 6.429927201977928
4.285510645002606 6.573008900009084
5.457218204315118 6.621679601459722
4.639190218332318 6.9636997317503075
4.771043694853159 7.420271446943477
4.179668521150926 7.71374025851677
4.4460252072740545 6.3853598279259245
4.2492155317343245 6.81117864947805
5.720287822313129 6.860637653298582
4.876064061124273 6.398960302946622
4.16925550267738 6.990899743634497
5.689120647072612 6.1505038244425245
5.293137970169951 7.576593481657779
5.229967024122142 6.718654844467375
4.147571165325309 6.926159137121132
4.745976387389209 7.791434591219765
4.8278833094116385 7.332052591125311
5.645252421791737 7.766497982884545
5.546293979817857 7.471894750353343
4.4420596831597 6.658537843399582
5.405379439702299 7.588046307357441
4.843254520599494 7.559466939982093
4.8387639727514085 7.456643366763564
5.55215391715309 6.48708857083485
7.659246929735952 7.64063655774535
7.021010770410854 6.849968572841983
7.1225907596220575 6.8380233990035855
7.678606625195138 6.240892165014411
6.474681796529971 7.667116725921284
6.402762378903815 6.420401273476275
7.608838595733861 6.102323516926148
7.071147399507431 6.582105669672871
7.021718797306007 6.273479553417138
6.891861941155472 7.132899051105683
6.422149861892736 6.919297368810515
6.693068197830988 7.701462887685814
7.6036227394201195 7.186971779090603
7.69854343378905 7.308541198301102
6.655774797181767 7.045500005293539
6.485556639651136 7.632432304852024
7.057487274112983 7.189959350755711
7.539902692279165 6.139761254456383
7.709974542141077 7.482456042576964
6.294743440103121 6.07451968952857
7.5767700823987525 6.648276989856784
6.286480853498597 7.315383166371153
7.716603362063843 7.384293867137123
6.905177863077194 7.752637256132237
6.51565583952096 6.201599368319898
